1.4308593749999998
1.4308593749999998
1.4308593749999998
1.4308593749999998
1.4308593749999998
1.4308593749999998
1.4308593749999998
1.4308593749999998
1.4308593749999998
1.4308593749999998
1.4308593749999998
1.4308593749999998
1.4308593749999998
1.4308593749999998
1.4308593749999998
1.4308593749999998
1.4308593749999998
1.4308593749999998
1.4308593749999998
1.4308593749999998
1.4308593749999998
1.4308593749999998
1.4308593749999998
1.4437499999999999
1.546875
1.546875
1.546875
1.5597656249999998
1.5726562499999999
1.585546875
1.585546875
1.611328125
1.6371093749999999
1.6371093749999999
1.6371093749999999
1.6371093749999999
1.6371093749999999
1.7531249999999998
1.7660156249999999
1.7660156249999999
1.77890625
1.791796875
1.791796875
1.8046875
1.8046875
1.8175781249999998
1.8175781249999998
1.8304687499999999
1.843359375
1.843359375
1.843359375
1.843359375
1.843359375
1.843359375
1.843359375
1.843359375
1.843359375
1.843359375
1.843359375
1.843359375
1.843359375
1.843359375
1.9593749999999999
1.972265625
1.972265625
1.972265625
1.98515625
1.98515625
1.998046875
1.998046875
2.0109375
2.0109375
2.023828125
2.023828125
2.03671875
2.03671875
2.0496093749999997
2.0496093749999997
2.0496093749999997
2.0496093749999997
2.0496093749999997
2.0496093749999997
2.0496093749999997
2.0496093749999997
2.0496093749999997
2.1785156249999997
2.1785156249999997
2.1785156249999997
2.1785156249999997
2.19140625
2.204296875
2.204296875
2.204296875
2.2171875
2.2171875
2.230078125
2.230078125
2.230078125
2.255859375
2.2429687499999997
2.255859375
2.255859375
2.255859375
2.255859375
2.255859375
2.255859375
2.255859375
2.255859375
2.255859375
2.255859375
2.255859375
2.255859375
2.26875
2.3718749999999997
2.384765625
2.384765625
2.384765625
2.39765625
2.410546875
2.39765625
2.410546875
2.410546875
2.410546875
2.4234375
2.4234375
2.4234375
2.4363281249999997
2.44921875
2.4363281249999997
2.44921875
2.4363281249999997
2.462109375
2.462109375
2.462109375
2.462109375
2.44921875
2.462109375
2.462109375
2.462109375
2.462109375
2.462109375
2.462109375
2.462109375
2.462109375
2.462109375
2.462109375
2.462109375
2.462109375
2.4749999999999996
2.578125
2.578125
2.578125
2.591015625
2.591015625
2.591015625
2.591015625
2.6039062499999996
2.591015625
2.6039062499999996
2.6039062499999996
2.6039062499999996
2.6039062499999996
2.6039062499999996
2.6039062499999996
2.6039062499999996
2.6039062499999996
2.616796875
2.616796875
2.616796875
2.616796875
2.616796875
2.6296874999999997
2.616796875
2.6296874999999997
2.6296874999999997
2.6296874999999997
2.6296874999999997
2.642578125
2.642578125
2.65546875
2.642578125
2.65546875
2.65546875
2.65546875
2.65546875
2.6683593749999996
2.6683593749999996
2.6683593749999996
2.6683593749999996
2.6683593749999996
2.6683593749999996
2.6683593749999996
2.6683593749999996
2.6683593749999996
2.6683593749999996
2.6683593749999996
2.6683593749999996
2.6683593749999996
2.6683593749999996
2.6683593749999996
2.6683593749999996
2.6683593749999996
2.6683593749999996
2.6683593749999996
2.6683593749999996
2.6683593749999996
2.6683593749999996
2.6683593749999996
2.6683593749999996
2.6683593749999996
2.6683593749999996
2.6683593749999996
2.6683593749999996
2.6683593749999996
2.6683593749999996
2.6683593749999996
2.6683593749999996
2.6683593749999996
2.6683593749999996
2.6683593749999996
2.6683593749999996
2.68125
2.784375
2.784375
2.6683593749999996
2.784375
2.784375
2.7972656249999996
2.784375
2.7972656249999996
2.7972656249999996
2.81015625
2.7972656249999996
2.81015625
2.7972656249999996
2.81015625
2.7972656249999996
2.81015625
2.81015625
2.81015625
2.81015625
2.81015625
2.8230468749999997
2.81015625
2.8230468749999997
2.8230468749999997
2.8230468749999997
2.8230468749999997
2.8230468749999997
2.8230468749999997
2.8359375
2.8359375
2.8359375
2.8359375
2.8359375
2.8359375
2.8359375
2.8359375
2.8359375
2.848828125
2.848828125
2.8359375
2.848828125
2.848828125
2.848828125
2.848828125
2.848828125
2.848828125
2.8617187499999996
2.8617187499999996
2.848828125
2.848828125
2.848828125
2.848828125
2.848828125
2.8617187499999996
2.8617187499999996
2.8617187499999996
2.8617187499999996
2.8617187499999996
2.8617187499999996
2.8617187499999996
2.874609375
2.8617187499999996
2.8617187499999996
2.874609375
2.874609375
2.874609375
2.874609375
2.874609375
2.874609375
2.874609375
2.874609375
2.874609375
2.874609375
2.874609375
2.874609375
2.874609375
2.874609375
2.874609375
2.874609375
2.874609375
2.874609375
2.874609375
2.874609375
2.874609375
2.874609375
2.874609375
2.874609375
2.874609375
2.874609375
2.874609375
2.874609375
2.874609375
2.874609375
2.874609375
2.874609375
2.874609375
2.874609375
2.874609375
2.874609375
2.874609375
2.874609375
2.874609375
2.874609375
2.874609375
2.874609375
2.874609375
2.874609375
2.874609375
2.874609375
2.874609375
2.8874999999999997
2.874609375
2.8874999999999997
2.9906249999999996
2.8874999999999997
2.874609375
2.874609375
2.874609375
2.9906249999999996
2.9906249999999996
2.9906249999999996
2.9906249999999996
2.9906249999999996
2.9906249999999996
2.9906249999999996
2.9906249999999996
2.9906249999999996
2.9906249999999996
2.9906249999999996
3.003515625
2.9906249999999996
3.003515625
2.9906249999999996
2.9906249999999996
3.003515625
2.9906249999999996
3.003515625
2.9906249999999996
3.003515625
3.003515625
3.003515625
3.003515625
3.003515625
3.003515625
