1.791796875
1.791796875
1.791796875
1.77890625
1.791796875
1.791796875
1.791796875
1.791796875
1.791796875
1.791796875
1.791796875
1.791796875
1.791796875
1.791796875
1.8046875
1.791796875
1.791796875
1.791796875
1.791796875
1.8046875
1.791796875
1.791796875
1.8046875
1.791796875
1.791796875
1.791796875
1.791796875
1.791796875
1.791796875
1.791796875
1.791796875
1.8046875
1.791796875
1.8046875
1.8046875
1.8046875
1.8046875
1.8046875
1.8304687499999999
1.8304687499999999
1.8304687499999999
1.8304687499999999
1.843359375
1.843359375
1.85625
1.869140625
1.869140625
1.8820312499999998
1.8820312499999998
1.8949218749999999
1.8949218749999999
1.9078125
1.920703125
1.920703125
1.93359375
1.9464843749999998
1.9464843749999998
1.9593749999999999
1.972265625
1.972265625
1.98515625
1.998046875
2.0109375
2.023828125
2.023828125
2.0496093749999997
2.0496093749999997
2.075390625
2.075390625
2.08828125
2.08828125
2.101171875
2.1140624999999997
2.126953125
2.13984375
2.152734375
2.152734375
2.1785156249999997
2.1785156249999997
2.19140625
2.204296875
2.2171875
2.2171875
2.230078125
2.2429687499999997
2.2429687499999997
2.255859375
2.255859375
2.255859375
2.281640625
2.29453125
2.29453125
2.3074218749999997
2.3074218749999997
2.3203125
2.333203125
2.333203125
2.34609375
2.358984375
2.358984375
2.358984375
2.3718749999999997
2.384765625
2.384765625
2.39765625
2.39765625
2.39765625
2.410546875
2.410546875
2.4234375
2.4234375
2.4363281249999997
2.4363281249999997
2.44921875
2.4363281249999997
2.4363281249999997
2.462109375
2.462109375
2.462109375
2.462109375
2.4749999999999996
2.4749999999999996
2.4749999999999996
2.487890625
2.487890625
2.487890625
2.487890625
2.487890625
2.5007812499999997
2.513671875
2.513671875
2.513671875
2.5265625
2.5265625
2.5265625
2.5265625
2.5394531249999996
2.5394531249999996
2.5394531249999996
2.5394531249999996
2.55234375
2.55234375
2.55234375
2.55234375
2.55234375
2.5652343749999997
2.5652343749999997
2.5652343749999997
2.5652343749999997
2.578125
2.578125
2.578125
2.578125
2.578125
2.578125
2.591015625
2.591015625
2.591015625
2.591015625
2.6039062499999996
2.591015625
2.6039062499999996
2.6039062499999996
2.6039062499999996
2.616796875
2.6039062499999996
2.616796875
2.616796875
2.616796875
2.616796875
2.6296874999999997
2.6296874999999997
2.6296874999999997
2.616796875
2.6296874999999997
2.642578125
2.642578125
2.6296874999999997
2.642578125
2.642578125
2.642578125
2.65546875
2.65546875
2.65546875
2.6683593749999996
2.65546875
2.6683593749999996
2.65546875
2.6683593749999996
2.6683593749999996
2.6683593749999996
2.6683593749999996
2.6683593749999996
2.6941406249999997
2.68125
2.68125
2.68125
2.6941406249999997
2.6941406249999997
2.6941406249999997
2.6941406249999997
2.70703125
2.70703125
2.70703125
2.719921875
2.719921875
2.719921875
2.719921875
2.719921875
2.719921875
2.719921875
2.719921875
2.719921875
2.7328124999999996
2.719921875
2.7328124999999996
2.745703125
2.7328124999999996
2.745703125
2.745703125
2.7585937499999997
2.745703125
2.7585937499999997
2.7585937499999997
2.7585937499999997
2.7585937499999997
2.7585937499999997
2.7585937499999997
2.771484375
2.784375
2.771484375
2.771484375
2.784375
2.771484375
2.771484375
2.784375
2.771484375
2.771484375
2.784375
2.784375
2.784375
2.784375
2.7972656249999996
2.7972656249999996
2.7972656249999996
2.7972656249999996
2.7972656249999996
2.7972656249999996
2.7972656249999996
2.81015625
2.7972656249999996
2.81015625
2.81015625
2.81015625
2.81015625
2.81015625
2.81015625
2.8230468749999997
2.8230468749999997
2.8230468749999997
2.8230468749999997
2.8230468749999997
2.8359375
2.81015625
2.8359375
2.8230468749999997
2.8359375
2.8359375
2.8230468749999997
2.8359375
2.8359375
2.848828125
2.8359375
2.8359375
2.848828125
2.848828125
2.8359375
2.848828125
2.848828125
2.848828125
2.848828125
2.848828125
2.8617187499999996
2.848828125
2.8617187499999996
2.8617187499999996
2.8617187499999996
2.848828125
2.8617187499999996
2.8617187499999996
2.8617187499999996
2.874609375
2.8617187499999996
2.874609375
2.874609375
2.874609375
2.874609375
2.8874999999999997
2.874609375
2.874609375
2.8874999999999997
2.8874999999999997
2.874609375
2.8874999999999997
2.8874999999999997
2.8874999999999997
2.8874999999999997
2.8874999999999997
2.8874999999999997
2.8874999999999997
2.8874999999999997
2.900390625
2.8874999999999997
2.900390625
2.900390625
2.900390625
2.900390625
2.900390625
2.900390625
2.900390625
2.900390625
2.91328125
2.900390625
2.900390625
2.900390625
2.900390625
2.900390625
2.900390625
2.91328125
2.900390625
2.91328125
2.900390625
2.91328125
2.91328125
2.91328125
2.91328125
2.91328125
2.91328125
2.91328125
2.91328125
2.9261718749999996
2.9261718749999996
2.9261718749999996
2.9261718749999996
2.9261718749999996
2.9261718749999996
2.9261718749999996
2.9261718749999996
2.9261718749999996
2.9261718749999996
2.9261718749999996
2.9261718749999996
2.9261718749999996
2.9261718749999996
2.9261718749999996
2.9261718749999996
2.9390625
2.9390625
2.9390625
2.9261718749999996
2.9390625
2.9390625
2.9390625
2.9390625
2.9390625
2.9261718749999996
