908
908
937
937
937
937
937
930
930
930
930
930
922
922
922
922
922
922
918
918
918
918
918
919
919
919
919
919
919
919
919
919
919
919
901
901
901
901
901
922
922
922
922
922
924
924
924
924
924
924
935
935
935
935
935
932
932
932
932
932
928
928
928
928
928
928
919
919
919
919
919
932
932
932
932
932
932
932
932
932
932
932
923
923
923
923
923
922
922
922
922
922
928
928
928
928
928
928
913
913
913
913
913
938
938
938
938
938
926
926
926
926
926
926
931
931
931
931
931
929
929
929
929
929
917
917
917
917
917
917
920
920
920
920
920
924
924
924
924
924
912
912
912
912
912
912
933
933
933
933
933
914
914
914
914
914
927
927
927
927
927
927
919
919
919
919
919
924
924
924
924
924
932
932
932
932
932
932
916
916
916
916
916
931
931
931
931
931
922
922
922
922
922
922
923
923
923
923
923
924
924
924
924
924
923
923
923
923
923
923
909
909
909
909
909
935
935
935
935
935
922
922
922
922
922
922
914
914
914
914
914
919
919
919
919
919
927
927
927
927
927
927
917
917
917
917
917
931
931
931
931
931
927
927
927
927
927
927
929
929
929
929
929
931
931
931
931
931
927
927
927
927
927
927
924
924
924
924
924
923
923
923
923
923
920
920
920
920
920
920
921
921
921
921
921
921
921
921
921
921
912
912
912
912
912
912
925
925
925
925
925
944
944
944
944
944
914
914
914
914
914
914
925
925
925
925
925
927
927
927
927
927
925
925
925
925
925
925
938
938
938
938
938
931
931
931
931
931
930
930
930
930
930
930
938
938
938
938
938
918
918
918
918
918
925
925
925
925
925
925
922
922
922
922
922
939
939
939
939
939
915
915
915
915
915
915
928
928
928
928
928
920
920
920
920
920
926
926
926
926
926
926
920
920
920
920
920
942
942
942
942
942
927
927
927
927
927
927
925
925
925
925
925
924
924
924
924
924
933
933
933
933
933
933
932
932
932
932
932
926
926
926
926
926
923
923
923
923
923
923
926
926
926
926
926
917
917
917
917
917
925
925
925
925
925
925
943
943
943
943
943
923
923
923
923
923
946
946
946
946
946
946
935
935
935
935
935
928
928
928
928
928
928
928
928
928
928
928
929
929
929
929
929
922
922
922
922
922
944
944
944
944
944
944
920
920
920
920
920
936
936
936
936
936
923
923
923
923
923
923
934
934
934
934
934
932
932
932
932
932
938
938
938
938
938
938
925
925
925
925
925
935
935
935
935
935
933
933
933
933
933
933
934
934
934
934
934
930
930
930
930
930
926
926
926
926
926
926
927
927
927
927
927
929
929
929
929
929
918
918
918
918
918
918
919
919
919
919
919
934
934
934
934
934
931
931
931
931
931
931
934
934
934
934
934
927
927
927
927
927
935
935
935
935
935
935
927
927
927
927
927
908
908
908
908
908
935
935
935
935
935
935
918
918
918
918
918
937
937
937
937
937
933
933
933
933
933
933
944
944
944
944
944
931
931
931
931
931
935
935
935
935
935
935
937
937
937
937
937
921
921
921
921
921
933
933
933
933
933
933
926
926
926
926
926
909
909
909
909
909
924
924
924
924
924
924
927
927
927
927
927
927
927
927
927
927
933
933
933
933
933
933
911
911
911
911
911
927
927
927
927
927
930
930
930
930
930
930
911
911
911
911
911
932
932
932
932
932
911
911
911
911
911
911
923
923
923
923
923
923
923
923
923
923
913
913
913
913
913
913
933
933
933
933
933
918
918
918
918
918
929
929
929
929
929
929
913
913
913
913
913
935
935
935
935
935
925
925
925
925
925
925
931
931
931
931
931
930
930
930
930
930
937
937
937
937
937
937
935
935
935
935
935
933
933
933
933
933
933
933
933
933
933
933
929
929
929
929
929
918
918
918
918
918
924
924
924
924
924
924
922
922
922
922
922
919
919
919
919
919
921
921
921
921
921
921
911
911
911
911
911
925
925
925
925
925
925
925
925
925
925
925
929
929
929
929
929
936
936
936
936
936
921
921
921
921
921
921
932
932
932
932
932
931
931
931
931
931
911
911
911
911
911
911
920
920
920
920
920
928
928
928
928
928
907
907
907
907
907
907
904
904
904
904
904
934
934
934
934
934
910
910
910
910
910
910
926
926
926
926
926
931
931
931
931
931
922
922
922
922
922
922
929
929
929
929
929
929
929
929
929
929
932
932
932
932
932
932
927
927
927
927
927
915
915
915
915
915
921
921
921
921
921
921
924
924
924
924
924
916
916
916
916
916
924
924
924
924
924
924
927
927
927
927
927
923
923
923
923
923
937
937
937
937
937
937
925
925
925
925
925
918
918
918
918
918
919
919
919
919
919
919
912
912
912
912
912
916
916
916
916
916
928
928
928
928
928
928
921
921
921
921
921
916
916
916
916
916
922
922
922
922
922
922
928
928
928
928
928
942
942
942
942
942
916
916
916
916
916
916
920
920
920
920
920
920
920
920
920
920
908
908
908
908
908
908
928
928
928
928
928
929
929
929
929
929
914
914
914
914
914
914
927
927
927
927
927
927
927
927
927
927
927
927
927
927
927
927
939
939
939
939
939
923
923
923
923
923
914
914
914
914
914
914
921
921
921
921
921
909
909
909
909
909
915
915
915
915
915
915
902
902
902
902
902
922
922
922
922
922
925
925
925
925
925
925
922
922
922
922
922
912
912
912
912
912
918
918
918
918
918
918
919
919
919
919
919
936
936
936
936
936
931
931
931
931
931
931
912
912
912
912
912
910
910
910
910
910
920
920
920
920
920
920
921
921
921
921
921
920
920
920
920
920
916
916
916
916
916
916
928
928
928
928
928
916
916
916
916
916
915
915
915
915
915
915
909
909
909
909
909
932
932
932
932
932
918
918
918
918
918
918
919
919
919
919
919
924
924
924
924
924
916
916
916
916
916
916
926
926
926
926
926
912
912
912
912
912
927
927
927
927
927
927
925
925
925
925
925
926
926
926
926
926
917
917
917
917
917
917
914
914
914
914
914
916
916
916
916
916
930
930
930
930
930
930
926
926
926
926
926
907
907
907
907
907
902
902
902
902
902
902
927
927
927
927
927
915
915
915
915
915
922
922
922
922
922
922
916
916
916
916
916
901
901
901
901
901
915
915
915
915
915
915
902
902
902
902
902
920
920
920
920
920
914
914
914
914
914
914
927
927
927
927
927
920
920
920
920
920
917
917
917
917
917
917
910
910
910
910
910
926
926
926
926
926
913
913
913
913
913
913
926
926
926
926
926
917
917
917
917
917
922
922
922
922
922
922
917
917
917
917
917
929
929
929
929
929
921
921
921
921
921
921
925
925
925
925
925
922
922
922
922
922
919
919
919
919
919
919
909
909
909
909
909
927
927
927
927
927
916
916
916
916
916
916
928
928
928
928
928
915
915
915
915
915
914
914
914
914
914
914
916
916
916
916
916
911
911
911
911
911
931
931
931
931
931
931
923
923
923
923
923
910
910
910
910
910
926
926
926
926
926
926
920
920
920
920
920
912
912
912
912
912
927
927
927
927
927
927
919
919
919
919
919
928
928
928
928
928
909
909
909
909
909
909
921
921
921
921
921
915
915
915
915
915
928
928
928
928
928
928
909
909
909
909
909
924
924
924
924
924
911
911
911
911
911
911
906
906
906
906
906
924
924
924
924
924
908
908
908
908
908
908
905
905
905
905
905
923
923
923
923
923
909
909
909
909
909
909
918
918
918
918
918
916
916
916
916
916
913
913
913
913
913
913
920
920
920
920
920
926
926
926
926
926
916
916
916
916
916
916
926
926
926
926
926
909
909
909
909
909
926
926
926
926
926
926
920
920
920
920
920
906
906
906
906
906
921
921
921
921
921
921
918
918
918
918
918
911
911
911
911
911
911
911
911
911
911
911
911
911
911
911
911
929
929
929
929
929
919
919
919
919
919
919
921
921
921
921
921
919
919
919
919
919
915
915
915
915
915
915
925
925
925
925
925
905
905
905
905
905
916
916
916
916
916
916
912
912
912
912
912
924
924
924
924
924
915
915
915
915
915
915
919
919
919
919
919
913
913
913
913
913
912
912
912
912
912
912
920
920
920
920
920
929
929
929
929
929
930
930
930
930
930
930
912
912
912
912
912
903
903
903
903
903
898
898
898
898
898
898
913
913
913
913
913
906
906
906
906
906
925
925
925
925
925
925
914
914
914
914
914
911
911
911
911
911
922
922
922
922
922
922
925
925
925
925
925
908
908
908
908
908
923
923
923
923
923
923
926
926
926
926
926
914
914
914
914
914
928
928
928
928
928
928
898
898
898
898
898
927
927
927
927
927
915
915
915
915
915
915
921
921
921
921
921
916
916
916
916
916
927
927
927
927
927
927
919
919
919
919
919
915
915
915
915
915
919
919
919
919
919
919
909
909
909
909
909
919
919
919
919
919
905
905
905
905
905
905
920
920
920
920
920
928
928
928
928
928
927
927
927
927
927
927
919
919
919
919
919
899
899
899
899
899
922
922
922
922
922
922
933
933
933
933
933
933
933
933
933
933
919
919
919
919
919
919
916
916
916
916
916
918
918
918
918
918
912
912
912
912
912
912
917
917
917
917
917
912
912
912
912
912
928
928
928
928
928
928
918
918
918
918
918
913
913
913
913
913
930
930
930
930
930
930
915
915
915
915
915
925
925
925
925
925
947
947
947
947
947
947
935
935
935
935
935
930
930
930
930
930
948
948
948
948
948
948
940
940
940
940
940
984
984
984
984
984
987
987
987
987
987
987
1019
1019
1019
1019
1019
1038
1038
1038
1038
1038
1089
1089
1089
1089
1089
1089
1138
1138
1138
1138
1138
1190
1190
1190
1190
1190
1219
1219
1219
1219
1219
1219
1242
1242
1242
1242
1242
1279
1279
1279
1279
1279
1275
1275
1275
1275
1275
1275
1308
1308
1308
1308
1308
1299
1299
1299
1299
1299
1319
1319
1319
1319
1319
1319
1323
1323
1323
1323
1323
1350
1350
1350
1350
1350
1384
1384
1384
1384
1384
1384
1443
1443
1443
1443
1443
1503
1503
1503
1503
1503
1538
1538
1538
1538
1538
1538
1598
1598
1598
1598
1598
1632
1632
1632
1632
1632
1696
1696
1696
1696
1696
1696
1745
1745
1745
1745
1745
1833
1833
1833
1833
1833
1911
1911
1911
1911
1911
1911
1968
1968
1968
1968
1968
2045
2045
2045
2045
2045
2110
2110
2110
2110
2110
2110
2134
2134
2134
2134
2134
2149
2149
2149
2149
2149
2130
2130
2130
2130
2130
2130
2114
2114
2114
2114
2114
2082
2082
2082
2082
2082
2063
2063
2063
2063
2063
2063
2018
2018
2018
2018
2018
1992
1992
1992
1992
1992
1958
1958
1958
1958
1958
1958
1931
1931
1931
1931
1931
1860
1860
1860
1860
1860
1796
1796
1796
1796
1796
1796
1717
1717
1717
1717
1717
1629
1629
1629
1629
1629
1544
1544
1544
1544
1544
1544
1438
1438
1438
1438
1438
1344
1344
1344
1344
1344
1253
1253
1253
1253
1253
1253
1161
1161
1161
1161
1161
1101
1101
1101
1101
1101
1053
1053
1053
1053
1053
1053
994
994
994
994
994
941
941
941
941
941
887
887
887
887
887
887
865
865
865
865
865
811
811
811
811
811
775
775
775
775
775
775
721
721
721
721
721
675
675
675
675
675
631
631
631
631
631
631
581
581
581
581
581
556
556
556
556
556
527
527
527
527
527
527
495
495
495
495
495
471
471
471
471
471
475
475
475
475
475
475
465
465
465
465
465
467
467
467
467
467
455
455
455
455
455
455
474
474
474
474
474
494
494
494
494
494
493
493
493
493
493
493
510
510
510
510
510
536
536
536
536
536
541
541
541
541
541
541
566
566
566
566
566
579
579
579
579
579
568
568
568
568
568
568
577
577
577
577
577
586
586
586
586
586
583
583
583
583
583
583
570
570
570
570
570
547
547
547
547
547
500
500
500
500
500
500
473
473
473
473
473
433
433
433
433
433
400
400
400
400
400
400
356
356
356
356
356
331
331
331
331
331
304
304
304
304
304
304
282
282
282
282
282
292
292
292
292
292
293
293
293
293
293
293
281
281
281
281
281
295
295
295
295
295
313
313
313
313
313
313
328
328
328
328
328
324
324
324
324
324
353
353
353
353
353
353
357
357
357
357
357
374
374
374
374
374
374
374
374
374
374
374
387
387
387
387
387
395
395
395
395
395
398
398
398
398
398
398
390
390
390
390
390
383
383
383
383
383
378
378
378
378
378
378
373
373
373
373
373
379
379
379
379
379
388
388
388
388
388
388
400
400
400
400
400
410
410
410
410
410
424
424
424
424
424
424
430
430
430
430
430
437
437
437
437
437
428
428
428
428
428
428
431
431
431
431
431
419
419
419
419
419
421
421
421
421
421
421
413
413
413
413
413
402
402
402
402
402
396
396
396
396
396
396
386
386
386
386
386
367
367
367
367
367
360
360
360
360
360
360
342
342
342
342
342
320
320
320
320
320
322
322
322
322
322
322
294
294
294
294
294
289
289
289
289
289
273
273
273
273
273
273
271
271
271
271
271
260
260
260
260
260
274
274
274
274
274
274
268
268
268
268
268
279
279
279
279
279
286
286
286
286
286
286
271
271
271
271
271
278
278
278
278
278
279
279
279
279
279
279
290
290
290
290
290
286
286
286
286
286
323
323
323
323
323
323
332
332
332
332
332
354
354
354
354
354
350
350
350
350
350
350
373
373
373
373
373
371
371
371
371
371
396
396
396
396
396
396
391
391
391
391
391
425
425
425
425
425
445
445
445
445
445
445
464
464
464
464
464
501
501
501
501
501
561
561
561
561
561
561
594
594
594
594
594
645
645
645
645
645
679
679
679
679
679
679
716
716
716
716
716
758
758
758
758
758
798
798
798
798
798
798
838
838
838
838
838
873
873
873
873
873
891
891
891
891
891
891
927
927
927
927
927
952
952
952
952
952
982
982
982
982
982
982
1010
1010
1010
1010
1010
985
985
985
985
985
1025
1025
1025
1025
1025
1025
1019
1019
1019
1019
1019
1022
1022
1022
1022
1022
990
990
990
990
990
990
1014
1014
1014
1014
1014
1016
1016
1016
1016
1016
1020
1020
1020
1020
1020
1020
1041
1041
1041
1041
1041
1058
1058
1058
1058
1058
1058
1058
1058
1058
1058
1058
1096
1096
1096
1096
1096
1124
1124
1124
1124
1124
1143
1143
1143
1143
1143
1143
1196
1196
1196
1196
1196
1222
1222
1222
1222
1222
1278
1278
1278
1278
1278
1278
1302
1302
1302
1302
1302
1352
1352
1352
1352
1352
1390
1390
1390
1390
1390
1390
1428
1428
1428
1428
1428
1443
1443
1443
1443
1443
1497
1497
1497
1497
1497
1497
1502
1502
1502
1502
1502
1545
1545
1545
1545
1545
1555
1555
1555
1555
1555
1555
1583
1583
1583
1583
1583
1605
1605
1605
1605
1605
1600
1600
1600
1600
1600
1600
1611
1611
1611
1611
1611
1645
1645
1645
1645
1645
1657
1657
1657
1657
1657
1657
1662
1662
1662
1662
1662
1677
1677
1677
1677
1677
1696
1696
1696
1696
1696
1696
1702
1702
1702
1702
1702
1709
1709
1709
1709
1709
1723
1723
1723
1723
1723
1723
1731
1731
1731
1731
1731
1727
1727
1727
1727
1727
1706
1706
1706
1706
1706
1706
1730
1730
1730
1730
1730
1720
1720
1720
1720
1720
1688
1688
1688
1688
1688
1688
1695
1695
1695
1695
1695
1647
1647
1647
1647
1647
1628
1628
1628
1628
1628
1628
1602
1602
1602
1602
1602
1586
1586
1586
1586
1586
1569
1569
1569
1569
1569
1569
1541
1541
1541
1541
1541
1539
1539
1539
1539
1539
1517
1517
1517
1517
1517
1517
1520
1520
1520
1520
1520
1523
1523
1523
1523
1523
1518
1518
1518
1518
1518
1518
1501
1501
1501
1501
1501
1489
1489
1489
1489
1489
1487
1487
1487
1487
1487
1487
1475
1475
1475
1475
1475
1464
1464
1464
1464
1464
1450
1450
1450
1450
1450
1450
1446
1446
1446
1446
1446
1423
1423
1423
1423
1423
1415
1415
1415
1415
1415
1415
1392
1392
1392
1392
1392
1387
1387
1387
1387
1387
1371
1371
1371
1371
1371
1371
1351
1351
1351
1351
1351
1337
1337
1337
1337
1337
1327
1327
1327
1327
1327
1327
1328
1328
1328
1328
1328
1308
1308
1308
1308
1308
1296
1296
1296
1296
1296
1296
1284
1284
1284
1284
1284
1272
1272
1272
1272
1272
1233
1233
1233
1233
1233
1233
1246
1246
1246
1246
1246
1252
1252
1252
1252
1252
1227
1227
1227
1227
1227
1227
1236
1236
1236
1236
1236
1226
1226
1226
1226
1226
1215
1215
1215
1215
1215
1215
1211
1211
1211
1211
1211
1180
1180
1180
1180
1180
1182
1182
1182
1182
1182
1182
1157
1157
1157
1157
1157
1130
1130
1130
1130
1130
1106
1106
1106
1106
1106
1106
1085
1085
1085
1085
1085
1080
1080
1080
1080
1080
1053
1053
1053
1053
1053
1053
1034
1034
1034
1034
1034
1017
1017
1017
1017
1017
997
997
997
997
997
997
984
984
984
984
984
960
960
960
960
960
966
966
966
966
966
966
935
935
935
935
935
921
921
921
921
921
908
908
908
908
908
908
907
907
907
907
907
908
908
908
908
908
899
899
899
899
899
899
882
882
882
882
882
883
883
883
883
883
869
869
869
869
869
869
870
870
870
870
870
862
862
862
862
862
883
883
883
883
883
883
871
871
871
871
871
868
868
868
868
868
858
858
858
858
858
858
849
849
849
849
849
848
848
848
848
848
829
829
829
829
829
829
827
827
827
827
827
816
816
816
816
816
810
810
810
810
810
810
792
792
792
792
792
777
777
777
777
777
761
761
761
761
761
761
746
746
746
746
746
729
729
729
729
729
725
725
725
725
725
725
711
711
711
711
711
696
696
696
696
696
679
679
679
679
679
679
662
662
662
662
662
656
656
656
656
656
631
631
631
631
631
631
621
621
621
621
621
593
593
593
593
593
574
574
574
574
574
574
563
563
563
563
563
559
559
559
559
559
542
542
542
542
542
542
525
525
525
525
525
500
500
500
500
500
495
495
495
495
495
495
486
486
486
486
486
488
488
488
488
488
481
481
481
481
481
481
466
466
466
466
466
461
461
461
461
461
462
462
462
462
462
462
461
461
461
461
461
474
474
474
474
474
489
489
489
489
489
489
483
483
483
483
483
491
491
491
491
491
487
487
487
487
487
487
495
495
495
495
495
497
497
497
497
497
496
496
496
496
496
496
488
488
488
488
488
497
497
497
497
497
505
505
505
505
505
505
505
505
505
505
505
508
508
508
508
508
500
500
500
500
500
500
517
517
517
517
517
513
513
513
513
513
516
516
516
516
516
516
522
522
522
522
522
537
537
537
537
537
519
519
519
519
519
519
534
534
534
534
534
536
536
536
536
536
555
555
555
555
555
555
561
561
561
561
561
579
579
579
579
579
588
588
588
588
588
588
609
609
609
609
609
621
621
621
621
621
637
637
637
637
637
637
637
637
637
637
637
658
658
658
658
658
676
676
676
676
676
676
689
689
689
689
689
709
709
709
709
709
702
702
702
702
702
702
736
736
736
736
736
745
745
745
745
745
749
749
749
749
749
749
769
769
769
769
769
775
775
775
775
775
778
778
778
778
778
778
802
802
802
802
802
822
822
822
822
822
847
847
847
847
847
847
852
852
852
852
852
867
867
867
867
867
898
898
898
898
898
898
911
911
911
911
911
923
923
923
923
923
954
954
954
954
954
954
954
954
954
954
954
964
964
964
964
964
992
992
992
992
992
992
986
986
986
986
986
1007
1007
1007
1007
1007
1011
1011
1011
1011
1011
1011
1022
1022
1022
1022
1022
1040
1040
1040
1040
1040
1042
1042
1042
1042
1042
1042
1052
1052
1052
1052
1052
1062
1062
1062
1062
1062
1056
1056
1056
1056
1056
1056
1075
1075
1075
1075
1075
1084
1084
1084
1084
1084
1087
1087
1087
1087
1087
1087
1091
1091
1091
1091
1091
1102
1102
1102
1102
1102
1102
1102
1102
1102
1102
1102
1110
1110
1110
1110
1110
1107
1107
1107
1107
1107
1099
1099
1099
1099
1099
1099
1115
1115
1115
1115
1115
1087
1087
1087
1087
1087
1118
1118
1118
1118
1118
1118
1111
1111
1111
1111
1111
1114
1114
1114
1114
1114
1126
1126
1126
1126
1126
1126
1123
1123
1123
1123
1123
1123
1123
1123
1123
1123
1115
1115
1115
1115
1115
1115
1101
1101
1101
1101
1101
1106
1106
1106
1106
1106
1108
1108
1108
1108
1108
1108
1107
1107
1107
1107
1107
1097
1097
1097
1097
1097
1108
1108
1108
1108
1108
1108
1120
1120
1120
1120
1120
1126
1126
1126
1126
1126
1146
1146
1146
1146
1146
1146
1151
1151
1151
1151
1151
1152
1152
1152
1152
1152
1145
1145
1145
1145
1145
1145
1160
1160
1160
1160
1160
1158
1158
1158
1158
1158
1166
1166
1166
1166
1166
1166
1170
1170
1170
1170
1170
1159
1159
1159
1159
1159
1159
1159
1159
1159
1159
1159
1165
1165
1165
1165
1165
1164
1164
1164
1164
1164
1158
1158
1158
1158
1158
1158
1170
1170
1170
1170
1170
1159
1159
1159
1159
1159
1167
1167
1167
1167
1167
1167
1152
1152
1152
1152
1152
1150
1150
1150
1150
1150
1140
1140
1140
1140
1140
1140
1147
1147
1147
1147
1147
1143
1143
1143
1143
1143
1152
1152
1152
1152
1152
1152
1162
1162
1162
1162
1162
1155
1155
1155
1155
1155
1141
1141
1141
1141
1141
1141
1160
1160
1160
1160
1160
1169
1169
1169
1169
1169
1155
1155
1155
1155
1155
1155
1161
1161
1161
1161
1161
1158
1158
1158
1158
1158
1157
1157
1157
1157
1157
1157
1142
1142
1142
1142
1142
1158
1158
1158
1158
1158
1133
1133
1133
1133
1133
1133
1147
1147
1147
1147
1147
1147
1147
1147
1147
1147
1141
1141
1141
1141
1141
1141
1134
1134
1134
1134
1134
1133
1133
1133
1133
1133
1117
1117
1117
1117
1117
1117
1112
1112
1112
1112
1112
1104
1104
1104
1104
1104
1101
1101
1101
1101
1101
1101
1100
1100
1100
1100
1100
1089
1089
1089
1089
1089
1084
1084
1084
1084
1084
1084
1071
1071
1071
1071
1071
1063
1063
1063
1063
1063
1073
1073
1073
1073
1073
1073
1066
1066
1066
1066
1066
1062
1062
1062
1062
1062
1033
1033
1033
1033
1033
1033
1025
1025
1025
1025
1025
1024
1024
1024
1024
1024
1019
1019
1019
1019
1019
1019
1006
1006
1006
1006
1006
995
995
995
995
995
988
988
988
988
988
988
972
972
972
972
972
979
979
979
979
979
952
952
952
952
952
952
950
950
950
950
950
932
932
932
932
932
917
917
917
917
917
917
905
905
905
905
905
887
887
887
887
887
889
889
889
889
889
889
860
860
860
860
860
858
858
858
858
858
857
857
857
857
857
857
838
838
838
838
838
830
830
830
830
830
823
823
823
823
823
823
803
803
803
803
803
819
819
819
819
819
793
793
793
793
793
793
780
780
780
780
780
775
775
775
775
775
755
755
755
755
755
755
730
730
730
730
730
746
746
746
746
746
732
732
732
732
732
732
730
730
730
730
730
709
709
709
709
709
694
694
694
694
694
694
709
709
709
709
709
706
706
706
706
706
674
674
674
674
674
674
696
696
696
696
696
667
667
667
667
667
689
689
689
689
689
689
671
671
671
671
671
684
684
684
684
684
670
670
670
670
670
670
671
671
671
671
671
659
659
659
659
659
670
670
670
670
670
670
669
669
669
669
669
668
668
668
668
668
679
679
679
679
679
679
665
665
665
665
665
668
668
668
668
668
669
669
669
669
669
669
665
665
665
665
665
656
656
656
656
656
672
672
672
672
672
672
663
663
663
663
663
666
666
666
666
666
651
651
651
651
651
651
660
660
660
660
660
675
675
675
675
675
671
671
671
671
671
671
689
689
689
689
689
689
689
689
689
689
682
682
682
682
682
682
707
707
707
707
707
711
711
711
711
711
724
724
724
724
724
724
732
732
732
732
732
734
734
734
734
734
743
743
743
743
743
743
750
750
750
750
750
736
736
736
736
736
771
771
771
771
771
771
760
760
760
760
760
763
763
763
763
763
770
770
770
770
770
770
769
769
769
769
769
808
808
808
808
808
806
806
806
806
806
806
819
819
819
819
819
845
845
845
845
845
841
841
841
841
841
841
837
837
837
837
837
849
849
849
849
849
871
871
871
871
871
871
867
867
867
867
867
881
881
881
881
881
886
886
886
886
886
886
878
878
878
878