408
413
413
413
413
413
413
413
413
413
413
413
422
422
422
422
422
410
410
410
410
410
410
416
416
416
416
416
400
400
400
400
400
408
408
408
408
408
408
410
410
410
410
410
413
413
413
413
413
416
416
416
416
416
416
423
423
423
423
423
405
405
405
405
405
398
398
398
398
398
398
403
403
403
403
403
403
403
403
403
403
410
410
410
410
410
410
405
405
405
405
405
410
410
410
410
410
426
426
426
426
426
426
409
409
409
409
409
417
417
417
417
417
420
420
420
420
420
420
406
406
406
406
406
411
411
411
411
411
398
398
398
398
398
398
408
408
408
408
408
417
417
417
417
417
426
426
426
426
426
426
409
409
409
409
409
412
412
412
412
412
409
409
409
409
409
409
413
413
413
413
413
409
409
409
409
409
416
416
416
416
416
416
414
414
414
414
414
415
415
415
415
415
419
419
419
419
419
419
417
417
417
417
417
408
408
408
408
408
428
428
428
428
428
428
413
413
413
413
413
421
421
421
421
421
417
417
417
417
417
417
429
429
429
429
429
420
420
420
420
420
412
412
412
412
412
412
416
416
416
416
416
408
408
408
408
408
427
427
427
427
427
427
412
412
412
412
412
418
418
418
418
418
420
420
420
420
420
420
414
414
414
414
414
415
415
415
415
415
413
413
413
413
413
413
424
424
424
424
424
417
417
417
417
417
425
425
425
425
425
425
424
424
424
424
424
416
416
416
416
416
430
430
430
430
430
430
413
413
413
413
413
421
421
421
421
421
426
426
426
426
426
426
422
422
422
422
422
411
411
411
411
411
401
401
401
401
401
401
406
406
406
406
406
404
404
404
404
404
401
401
401
401
401
401
418
418
418
418
418
414
414
414
414
414
432
432
432
432
432
432
419
419
419
419
419
419
419
419
419
419
409
409
409
409
409
409
414
414
414
414
414
406
406
406
406
406
426
426
426
426
426
426
419
419
419
419
419
408
408
408
408
408
418
418
418
418
418
418
416
416
416
416
416
394
394
394
394
394
427
427
427
427
427
427
404
404
404
404
404
425
425
425
425
425
405
405
405
405
405
405
422
422
422
422
422
410
410
410
410
410
420
420
420
420
420
420
418
418
418
418
418
427
427
427
427
427
415
415
415
415
415
415
406
406
406
406
406
420
420
420
420
420
417
417
417
417
417
417
400
400
400
400
400
420
420
420
420
420
413
413
413
413
413
413
404
404
404
404
404
419
419
419
419
419
404
404
404
404
404
404
413
413
413
413
413
413
413
413
413
413
418
418
418
418
418
418
413
413
413
413
413
408
408
408
408
408
422
422
422
422
422
422
430
430
430
430
430
402
402
402
402
402
429
429
429
429
429
429
415
415
415
415
415
411
411
411
411
411
415
415
415
415
415
415
416
416
416
416
416
416
416
416
416
416
412
412
412
412
412
412
411
411
411
411
411
415
415
415
415
415
420
420
420
420
420
420
403
403
403
403
403
419
419
419
419
419
400
400
400
400
400
400
420
420
420
420
420
423
423
423
423
423
408
408
408
408
408
408
397
397
397
397
397
419
419
419
419
419
404
404
404
404
404
404
413
413
413
413
413
406
406
406
406
406
424
424
424
424
424
424
411
411
411
411
411
412
412
412
412
412
407
407
407
407
407
407
419
419
419
419
419
413
413
413
413
413
432
432
432
432
432
432
403
403
403
403
403
426
426
426
426
426
421
421
421
421
421
421
411
411
411
411
411
424
424
424
424
424
425
425
425
425
425
425
419
419
419
419
419
407
407
407
407
407
426
426
426
426
426
426
405
405
405
405
405
434
434
434
434
434
406
406
406
406
406
406
415
415
415
415
415
409
409
409
409
409
418
418
418
418
418
418
409
409
409
409
409
407
407
407
407
407
394
394
394
394
394
394
412
412
412
412
412
403
403
403
403
403
411
411
411
411
411
411
412
412
412
412
412
397
397
397
397
397
411
411
411
411
411
411
406
406
406
406
406
401
401
401
401
401
407
407
407
407
407
407
406
406
406
406
406
424
424
424
424
424
438
438
438
438
438
438
383
383
383
383
383
439
439
439
439
439
423
423
423
423
423
423
408
408
408
408
408
406
406
406
406
406
413
413
413
413
413
413
412
412
412
412
412
410
410
410
410
410
412
412
412
412
412
412
408
408
408
408
408
406
406
406
406
406
411
411
411
411
411
411
425
425
425
425
425
412
412
412
412
412
403
403
403
403
403
403
396
396
396
396
396
406
406
406
406
406
427
427
427
427
427
427
414
414
414
414
414
411
411
411
411
411
429
429
429
429
429
429
405
405
405
405
405
419
419
419
419
419
404
404
404
404
404
404
422
422
422
422
422
403
403
403
403
403
427
427
427
427
427
427
408
408
408
408
408
402
402
402
402
402
411
411
411
411
411
411
401
401
401
401
401
423
423
423
423
423
403
403
403
403
403
403
399
399
399
399
399
425
425
425
425
425
395
395
395
395
395
395
429
429
429
429
429
405
405
405
405
405
423
423
423
423
423
423
385
385
385
385
385
402
402
402
402
402
415
415
415
415
415
415
423
423
423
423
423
418
418
418
418
418
414
414
414
414
414
414
411
411
411
411
411
406
406
406
406
406
404
404
404
404
404
404
401
401
401
401
401
424
424
424
424
424
404
404
404
404
404
404
415
415
415
415
415
401
401
401
401
401
402
402
402
402
402
402
417
417
417
417
417
413
413
413
413
413
414
414
414
414
414
414
396
396
396
396
396
404
404
404
404
404
419
419
419
419
419
419
420
420
420
420
420
430
430
430
430
430
409
409
409
409
409
409
417
417
417
417
417
405
405
405
405
405
418
418
418
418
418
418
406
406
406
406
406
420
420
420
420
420
423
423
423
423
423
423
418
418
418
418
418
422
422
422
422
422
406
406
406
406
406
406
417
417
417
417
417
417
417
417
417
417
432
432
432
432
432
432
416
416
416
416
416
422
422
422
422
422
417
417
417
417
417
417
430
430
430
430
430
422
422
422
422
422
422
422
422
422
422
422
422
422
422
422
422
426
426
426
426
426
424
424
424
424
424
424
422
422
422
422
422
442
442
442
442
442
437
437
437
437
437
437
439
439
439
439
439
438
438
438
438
438
415
415
415
415
415
415
434
434
434
434
434
427
427
427
427
427
418
418
418
418
418
418
426
426
426
426
426
437
437
437
437
437
440
440
440
440
440
440
438
438
438
438
438
431
431
431
431
431
419
419
419
419
419
419
433
433
433
433
433
428
428
428
428
428
416
416
416
416
416
416
413
413
413
413
413
452
452
452
452
452
424
424
424
424
424
424
429
429
429
429
429
425
425
425
425
425
452
452
452
452
452
452
410
410
410
410
410
456
456
456
456
456
447
447
447
447
447
447
435
435
435
435
435
445
445
445
445
445
438
438
438
438
438
438
441
441
441
441
441
433
433
433
433
433
450
450
450
450
450
450
432
432
432
432
432
463
463
463
463
463
469
469
469
469
469
469
525
525
525
525
525
594
594
594
594
594
708
708
708
708
708
708
828
828
828
828
828
995
995
995
995
995
1046
1046
1046
1046
1046
1046
1032
1032
1032
1032
1032
983
983
983
983
983
938
938
938
938
938
938
864
864
864
864
864
805
805
805
805
805
802
802
802
802
802
802
942
942
942
942
942
1009
1009
1009
1009
1009
1133
1133
1133
1133
1133
1133
1240
1240
1240
1240
1240
1361
1361
1361
1361
1361
1397
1397
1397
1397
1397
1397
1333
1333
1333
1333
1333
1181
1181
1181
1181
1181
964
964
964
964
964
964
622
622
622
622
622
462
462
462
462
462
400
400
400
400
400
400
360
360
360
360
360
353
353
353
353
353
338
338
338
338
338
338
325
325
325
325
325
321
321
321
321
321
321
321
321
321
321
321
330
330
330
330
330
328
328
328
328
328
344
344
344
344
344
344
329
329
329
329
329
336
336
336
336
336
356
356
356
356
356
356
339
339
339
339
339
363
363
363
363
363
364
364
364
364
364
364
372
372
372
372
372
402
402
402
402
402
394
394
394
394
394
394
413
413
413
413
413
457
457
457
457
457
484
484
484
484
484
484
514
514
514
514
514
528
528
528
528
528
540
540
540
540
540
540
535
535
535
535
535
518
518
518
518
518
429
429
429
429
429
429
409
409
409
409
409
368
368
368
368
368
346
346
346
346
346
346
344
344
344
344
344
335
335
335
335
335
323
323
323
323
323
323
319
319
319
319
319
320
320
320
320
320
313
313
313
313
313
313
309
309
309
309
309
308
308
308
308
308
312
312
312
312
312
312
317
317
317
317
317
313
313
313
313
313
304
304
304
304
304
304
314
314
314
314
314
302
302
302
302
302
308
308
308
308
308
308
315
315
315
315
315
315
315
315
315
315
324
324
324
324
324
324
334
334
334
334
334
344
344
344
344
344
370
370
370
370
370
370
411
411
411
411
411
420
420
420
420
420
462
462
462
462
462
462
461
461
461
461
461
495
495
495
495
495
495
495
495
495
495
495
501
501
501
501
501
540
540
540
540
540
621
621
621
621
621
621
731
731
731
731
731
866
866
866
866
866
1053
1053
1053
1053
1107
1107
1107
1107
1107
1227
1227
1227
1227
1227
1311
1311
1311
1311
1311
1311
1257
1257
1257
1257
1257
1227
1227
1227
1227
1227
1054
1054
1054
1054
1054
1054
941
941
941
941
941
663
663
663
663
663
510
510
510
510
510
510
418
418
418
418
418
381
381
381
381
381
362
362
362
362
362
362
351
351
351
351
351
349
349
349
349
349
357
357
357
357
357
357
372
372
372
372
372
405
405
405
405
405
501
501
501
501
501
501
673
673
673
673
673
1032
1032
1032
1032
1032
1245
1245
1245
1245
1245
1245
1424
1424
1424
1424
1424
1506
1506
1506
1506
1506
1439
1439
1439
1439
1439
1439
1280
1280
1280
1280
1280
1035
1035
1035
1035
1035
902
902
902
902
902
902
787
787
787
787
787
740
740
740
740
740
772
772
772
772
772
772
861
861
861
861
861
1029
1029
1029
1029
1029
1215
1215
1215
1215
1215
1215
1393
1393
1393
1393
1393
1529
1529
1529
1529
1529
1602
1602
1602
1602
1602
1602
1596
1596
1596
1596
1596
1458
1458
1458
1458
1458
1222
1222
1222
1222
1222
1222
972
972
972
972
972
650
650
650
650
650
495
495
495
495
495
495
404
404
404
404
404
372
372
372
372
372
357
357
357
357
357
357
350
350
350
350
350
357
357
357
357
357
360
360
360
360
360
360
368
368
368
368
368
365
365
365
365
365
371
371
371
371
371
371
359
359
359
359
359
345
345
345
345
345
341
341
341
341
341
341
341
341
341
341
330
330
330
330
330
318
318
318
318
318
318
321
321
321
321
321
316
316
316
316
316
324
324
324
324
324
324
341
341
341
341
341
337
337
337
337
337
352
352
352
352
352
352
391
391
391
391
391
414
414
414
414
414
430
430
430
430
430
430
437
437
437
437
437
441
441
441
441
441
408
408
408
408
408
408
402
402
402
402
402
386
386
386
386
386
380
380
380
380
380
380
361
361
361
361
361
346
346
346
346
346
344
344
344
344
344
344
360
360
360
360
360
366
366
366
366
366
372
372
372
372
372
372
372
372
372
372
372
358
358
358
358
358
363
363
363
363
363
363
352
352
352
352
352
363
363
363
363
363
350
350
350
350
350
350
364
364
364
364
364
350
350
350
350
350
353
353
353
353
353
353
387
387
387
387
387
371
371
371
371
371
406
406
406
406
406
406
418
418
418
418
418
441
441
441
441
441
439
439
439
439
439
439
501
501
501
501
501
491
491
491
491
491
492
492
492
492
492
492
468
468
468
468
468
454
454
454
454
454
454
454
454
454
454
454
467
467
467
467
467
444
444
444
444
444
420
420
420
420
420
420
430
430
430
430
430
431
431
431
431
431
433
433
433
433
433
433
434
434
434
434
434
454
454
454
454
454
490
490
490
490
490
490
526
526
526
526
526
556
556
556
556
556
618
618
618
618
618
618
629
629
629
629
629
664
664
664
664
664
661
661
661
661
661
661
622
622
622
622
622
550
550
550
550
550
490
490
490
490
490
490
473
473
473
473
473
457
457
457
457
457
428
428
428
428
428
428
429
429
429
429
429
429
429
429
429
429
446
446
446
446
446
446
446
446
446
446
446
466
466
466
466
466
470
470
470
470
470
470
460
460
460
460
460
436
436
436
436
436
438
438
438
438
438
438
436
436
436
436
436
400
400
400
400
400
425
425
425
425
425
425
384
384
384
384
384
407
407
407
407
407
413
413
413
413
413
413
396
396
396
396
396
398
398
398
398
398
412
412
412
412
412
412
403
403
403
403
403
416
416
416
416
416
414
414
414
414
414
414
397
397
397
397
397
402
402
402
402
402
388
388
388
388
388
388
392
392
392
392
392
367
367
367
367
367
366
366
366
366
366
366
367
367
367
367
367
367
367
367
367
367
357
357
357
357
357
357
354
354
354
354
354
360
360
360
360
360
346
346
346
346
346
346
355
355
355
355
355
382
382
382
382
382
369
369
369
369
369
369
367
367
367
367
367
368
368
368
368
368
369
369
369
369
369
369
383
383
383
383
383
376
376
376
376
376
384
384
384
384
384
384
395
395
395
395
395
394
394
394
394
394
399
399
399
399
399
399
416
416
416
416
416
416
416
416
416
416
443
443
443
443
443
443
425
425
425
425
425
432
432
432
432
432
400
400
400
400
400
400
403
403
403
403
403
416
416
416
416
416
401
401
401
401
401
401
392
392
392
392
392
390
390
390
390
390
386
386
386
386
386
386
390
390
390
390
390
415
415
415
415
415
411
411
411
411
411
411
429
429
429
429
429
458
458
458
458
458
453
453
453
453
453
453
500
500
500
500
500
485
485
485
485
485
496
496
496
496
496
496
509
509
509
509
509
512
512
512
512
512
507
507
507
507
507
507
542
542
542
542
542
535
535
535
535
535
552
552
552
552
552
552
576
576
576
576
576
560
560
560
560
560
596
596
596
596
596
596
604
604
604
604
604
606
606
606
606
606
546
546
546
546
546
546
539
539
539
539
539
496
496
496
496
496
484
484
484
484
484
484
430
430
430
430
430
451
451
451
451
451
447
447
447
447
447
447
431
431
431
431
431
421
421
421
421
421
402
402
402
402
402
402
412
412
412
412
412
401
401
401
401
401
413
413
413
413
413
413
406
406
406
406
406
416
416
416
416
416
419
419
419
419
419
419
417
417
417
417
417
386
386
386
386
386
398
398
398
398
398
398
405
405
405
405
405
396
396
396
396
396
399
399
399
399
399
399
402
402
402
402
402
404
404
404
404
404
397
397
397
397
397
397
405
405
405
405
405
399
399
399
399
399
376
376
376
376
376
376
385
385
385
385
385
365
365
365
365
365
354
354
354
354
354
354
372
372
372
372
372
350
350
350
350
350
355
355
355
355
355
355
356
356
356
356
356
352
352
352
352
352
356
356
356
356
356
356
365
365
365
365
365
367
367
367
367
367
383
383
383
383
383
383
386
386
386
386
386
378
378
378
378
378
376
376
376
376
376
376
381
381
381
381
381
376
376
376
376
376
383
383
383
383
383
383
386
386
386
386
386
391
391
391
391
391
392
392
392
392
392
392
362
362
362
362
362
372
372
372
372
372
399
399
399
399
399
399
388
388
388
388
388
398
398
398
398
398
386
386
386
386
386
386
411
411
411
411
411
401
401
401
401
401
407
407
407
407
407
407
406
406
406
406
406
408
408
408
408
408
430
430
430
430
430
430
414
414
414
414
414
427
427
427
427
427
432
432
432
432
432
432
433
433
433
433
433
422
422
422
422
422
439
439
439
439
439
439
470
470
470
470
470
466
466
466
466
466
473
473
473
473
473
473
478
478
478
478
478
495
495
495
495
495
488
488
488
488
488
488
492
492
492
492
492
496
496
496
496
496
507
507
507
507
507
507
495
495
495
495
495
498
498
498
498
498
507
507
507
507
507
507
471
471
471
471
471
471
471
471
471
471
468
468
468
468
468
468
469
469
469
469
469
477
477
477
477
477
488
488
488
488
488
488
503
503
503
503
503
479
479
479
479
479
498
498
498
498
498
498
474
474
474
474
474
503
503
503
503
503
472
472
472
472
472
472
511
511
511
511
511
497
497
497
497
497
480
480
480
480
480
480
493
493
493
493
493
477
477
477
477
477
490
490
490
490
490
490
471
471
471
471
471
453
453
453
453
453
459
459
459
459
459
459
455
455
455
455
455
440
440
440
440
440
429
429
429
429
429
429
432
432
432
432
432
426
426
426
426
426
409
409
409
409
409
409
413
413
413
413
413
391
391
391
391
391
426
426
426
426
426
426
392
392
392
392
392
381
381
381
381
381
379
379
379
379
379
379
385
385
385
385
385
387
387
387
387
387
388
388
388
388
388
388
371
371
371
371
371
387
387
387
387
387
375
375
375
375
375
375
400
400
400
400
400
389
389
389
389
389
392
392
392
392
392
392
382
382
382
382
382
391
391
391
391
391
383
383
383
383
383
383
386
386
386
386
386
386
386
386
386
386
393
393
393
393
393
393
386
386
386
386
386
379
379
379
379
379
371
371
371
371
371
371
390
390
390
390
390
373
373
373
373
373
389
389
389
389
389
389
369
369
369
369
369
391
391
391
391
391
360
360
360
360
360
360
389
389
389
389
389
370
370
370
370
370
382
382
382
382
382
382
382
382
382
382
382
369
369
369
369
369
383
383
383
383
383
383
372
372
372
372
372
378
378
378
378
378
402
402
402
402
402
402
389
389
389
389
389
400
400
400
400
400
388
388
388
388
388
388
391
391
391
391
391
402
402
402
402
402
423
423
423
423
423
423
426
426
426
426
426
407
407
407
407
407
405
405
405
405
405
405
405
405
405
405
405
421
421
421
421
421
412
412
412
412
412
412
429
429
429
429
429
411
411
411
411
411
407
407
407
407
407
407
438
438
438
438
438
438
438
438
438
438
428
428
428
428
428
428
444
444
444
444
444
453
453
453
453
453
444
444
444
444
444
444
428
428
428
428
428
446
446
446
446
446
429
429
429
429
429
429
440
440
440
440
440
427
427
427
427
427
415
415
415
415
415
415
436
436
436
436
436
438
438
438
438
438
431
431
431
431
431
431
416
416
416
416
416
447
447
447
447
447
427
427
427
427
427
427
411
411
411
411
411
419
419
419
419
419
432
432
432
432
432
432
415
415
415
415
415
427
427
427
427
427
419
419
419
419
419
419
417
417
417
417
417
438
438
438
438
438
431
431
431
431
431
431
430
430
430
430
430
421
421
421
421
421
419
419
419
419
419
419
419
419
419
419
419
435
435
435
435
435
441
441
441
441
441
441
434
434
434
434
434
418
418
418
418
418
438
438
438
438
438
438
434
434
434
434
434
405
405
405
405
405
419
419
419
419
419
419
433
433
433
433
433
399
399
399
399
399
449
449
449
449
449
449
400
400
400
400
400
410
410
410
410
410
432
432
432
432
432
432
413
413
413
413
413
400
400
400
400
400
410
410
410
410
410
410
387
387
387
387
387
405
405
405
405
405
406
406
406
406
406
406
396
396
396
396
396
415
415
415
415
415
401
401
401
401
401
401
400
400
400
400
400
404
404
404
404
404
406
406
406
406
406
406
406
406
406
406
406
390
390
390
390
390
402
402
402
402
402
402
402
402
402
402
402
398
398
398
398
398
395
395
395
395
395
395
392
392
392
392
392
415
415
415
415
415
406
406
406
406
406
406
409
409
409
409
409
422
422
422
422
422
435
435
435
435
435
435
433
433
433
433
433
427
427
427
427
427
418
418
418
418
418
418
428
428
428
428
428
416
416
416
416
416
419
419
419
419
419
419
395
395
395
395
395
412
412
412
412
412
392
392
392
392
392
392
409
409
409
409
409
399
399
399
399
399
398
398
398
398
398
398
405
405
405
405
405
395
395
395
395
395
402
402
402
402
402
402
393
393
393
393
393
403
403
403
403
403
411
411
411
411
411
411
417
417
417
417
417
397
397
397
397
397
409
409
409
409
409
409
388
388
388
388
388
412
412
412
412
412
405
405
405
405
405
405
429
429
429
429
429
418
418
418
418
418
411
411
411
411
411
411
422
422
422
422
422
444
444
444
444
444
434
434
434
434
434
434
426
426
426
426
426
420
420
420
420
420
407
407
407
407
407
407
404
404
404
404
404
416
416
416
416
416
403
403
403
403
403
403
416
416
416
416
416
421
421
421
421
421
416
416
416
416
416
416
408
408
408
408
408
419
419
419
419
419
414
414
414
414
414
414
435
435
435
435
435
413
413
413
413
413
408
408
408
408
408
408
429
429
429
429
429
396
396
396
396
396
403
403
403
403
403
403
397
397
397
397
397
397
397
397
397
397
409
409
409
409
409
409
408
408
408
408
408
404
404
404
404
404
410
410
410
410
410
410
403
403
403
403
403
414
414
414
414
414
405
405
405
405
405
405
417
417
417
417
417
394
394
394
394
394
403
403
403
403
403
403
405
405
405
405
405
392
392
392
392
392
417
417
417
417
417
417
392
392
392
392
392
402
402
402
402
402
402
402
402
402
402
402
410
410
410
410
410
415
415
415
415
415
409
409
409
409
409
409
410
410
410
410
410
412
412
412
412
412
413
413
413
413
413
413
415
415
415
415
416
416
416
416
416
413
413
413
413
413
413
426
426
426
426
426
406
406
406
406
406
412
412
412
412
412
412
417
417
417
417
417
415
415
415
415
415
426
426
426
426
426
426
427
427
427
427
427
412
412
412
412
412
417
417
417
417
417
417
414
414
414
414
414
411
411
411
411
411
412
412
412
412
412
412
428
428
428
428
428
412
412
412
412
412
405
405
405
405
405
405
415
415
415
415
415
403
403
403
403
403
418
418
418
418
418
418
421
421
421
421
421
422
422
422
422
422
416
416
416
416
416
416
420
420
420
420
420
426
426
426
426
426
428
428
428
428
428
428
444
444
444
444
444
419
419
419
419
419
433
433
433
433
433
433
428
428
428
428
428
450
450
450
450
450
446
446
446
446
446
446
445
445
445
445
445
444
444
444
444
444
431
431
431
431
431
431
418
418
418
418
418
437
437
437
437
437
422
422
422
422
422
422
418
418
418
418
418
420
420
420
420
420
409
409
409
409
409
409
424
424
424
424
424
419
419
419
419
419
427
427
427
427
427
427
405
405
405
405
405
400
400
400
400
400
412
412
412
412
412
412
398
398
398
398
398
403
403
403
403
403
403
403
403
403
403
403
395
395
395
395
395
394
394
394
394
394
379
379
379
379
379
379
394
394
394
394
394
408
408
408
408
408
406
406
406
406
406
406
413
413
413
413
413
399
399
399
399
399
394
394
394
394
394
394
402
402
402
402
402
408
408
408
408
408
381
381
381
381
381
381