929
929
929
929
929
929
929
929
929
936
936
936
936
936
933
933
933
933
933
933
938
938
938
938
938
932
932
932
932
932
934
934
934
934
934
934
927
927
927
927
927
932
932
932
932
932
937
937
937
937
937
937
939
939
939
939
939
942
942
942
942
942
927
927
927
927
927
927
928
928
928
928
928
937
937
937
937
937
942
942
942
942
942
942
941
941
941
941
941
941
941
941
941
941
947
947
947
947
947
947
944
944
944
944
944
952
952
952
952
952
930
930
930
930
930
930
940
940
940
940
940
932
932
932
932
932
941
941
941
941
941
941
936
936
936
936
936
946
946
946
946
946
939
939
939
939
939
939
946
946
946
946
946
931
931
931
931
931
934
934
934
934
934
934
935
935
935
935
935
941
941
941
941
941
931
931
931
931
931
931
937
937
937
937
937
943
943
943
943
943
945
945
945
945
945
945
943
943
943
943
943
943
943
943
943
943
934
934
934
934
934
934
939
939
939
939
939
941
941
941
941
941
939
939
939
939
939
939
939
939
939
939
939
935
935
935
935
935
931
931
931
931
931
931
935
935
935
935
935
942
942
942
942
942
938
938
938
938
938
938
932
932
932
932
932
940
940
940
940
940
936
936
936
936
936
936
939
939
939
939
939
937
937
937
937
937
934
934
934
934
934
934
935
935
935
935
935
928
928
928
928
928
930
930
930
930
930
930
939
939
939
939
939
938
938
938
938
938
936
936
936
936
936
936
931
931
931
931
931
940
940
940
940
940
937
937
937
937
937
937
937
937
937
937
937
936
936
936
936
936
923
923
923
923
923
923
932
932
932
932
932
927
927
927
927
927
929
929
929
929
929
929
931
931
931
931
931
929
929
929
929
929
936
936
936
936
936
936
923
923
923
923
923
926
926
926
926
926
935
935
935
935
935
935
923
923
923
923
923
940
940
940
940
940
919
919
919
919
919
919
939
939
939
939
939
929
929
929
929
929
936
936
936
936
936
936
930
930
930
930
930
937
937
937
937
937
930
930
930
930
930
930
930
930
930
930
930
928
928
928
928
928
912
912
912
912
912
912
919
919
919
919
919
915
915
915
915
915
932
932
932
932
932
932
929
929
929
929
929
920
920
920
920
920
926
926
926
926
926
926
918
918
918
918
918
931
931
931
931
931
922
922
922
922
922
922
935
935
935
935
935
919
919
919
919
919
914
914
914
914
914
914
919
919
919
919
919
938
938
938
938
938
938
938
938
938
938
938
923
923
923
923
923
940
940
940
940
940
925
925
925
925
925
925
929
929
929
929
929
928
928
928
928
928
933
933
933
933
933
933
927
927
927
927
927
921
921
921
921
927
927
927
927
927
927
919
919
919
919
919
929
929
929
929
929
924
924
924
924
924
924
926
926
926
926
926
913
913
913
913
913
936
936
936
936
936
936
917
917
917
917
917
919
919
919
919
919
931
931
931
931
931
931
927
927
927
927
927
931
931
931
931
931
928
928
928
928
928
928
926
926
926
926
926
922
922
922
922
922
931
931
931
931
931
931
935
935
935
935
935
927
927
927
927
927
920
920
920
920
920
920
916
916
916
916
916
937
937
937
937
937
922
922
922
922
922
922
932
932
932
932
932
921
921
921
921
921
922
922
922
922
922
922
928
928
928
928
928
921
921
921
921
921
928
928
928
928
928
928
938
938
938
938
938
930
930
930
930
930
935
935
935
935
935
935
933
933
933
933
933
912
912
912
912
912
937
937
937
937
937
937
929
929
929
929
929
926
926
926
926
926
930
930
930
930
930
930
924
924
924
924
924
932
932
932
932
932
925
925
925
925
925
925
931
931
931
931
931
930
930
930
930
930
941
941
941
941
941
941
923
923
923
923
923
928
928
928
928
928
923
923
923
923
923
923
934
934
934
934
934
929
929
929
929
929
926
926
926
926
926
926
933
933
933
933
933
937
937
937
937
937
924
924
924
924
924
924
950
950
950
950
950
926
926
926
926
926
913
913
913
913
913
913
919
919
919
919
919
932
932
932
932
932
922
922
922
922
922
922
922
922
922
922
922
931
931
931
931
931
921
921
921
921
921
921
935
935
935
935
935
921
921
921
921
921
932
932
932
932
932
932
920
920
920
920
920
922
922
922
922
922
928
928
928
928
928
928
932
932
932
932
932
919
919
919
919
919
925
925
925
925
925
925
933
933
933
933
933
926
926
926
926
926
928
928
928
928
928
928
919
919
919
919
919
923
923
923
923
923
926
926
926
926
926
926
930
930
930
930
930
914
914
914
914
914
928
928
928
928
928
928
927
927
927
927
927
917
917
917
917
917
920
920
920
920
920
920
922
922
922
922
922
925
925
925
925
925
912
912
912
912
912
912
912
912
912
912
912
907
907
907
907
907
915
915
915
915
915
915
929
929
929
929
929
922
922
922
922
922
913
913
913
913
913
913
915
915
915
915
915
918
918
918
918
918
915
915
915
915
915
915
915
915
915
915
915
913
913
913
913
913
920
920
920
920
920
920
914
914
914
914
914
925
925
925
925
925
909
909
909
909
909
909
910
910
910
910
910
924
924
924
924
924
914
914
914
914
914
914
923
923
923
923
923
919
919
919
919
919
923
923
923
923
923
923
915
915
915
915
915
915
915
915
915
915
916
916
916
916
916
916
917
917
917
917
917
918
918
918
918
918
909
909
909
909
909
909
912
912
912
912
912
923
923
923
923
923
914
914
914
914
914
914
925
925
925
925
925
907
907
907
907
907
918
918
918
918
918
918
920
920
920
920
920
911
911
911
911
911
913
913
913
913
913
913
918
918
918
918
918
922
922
922
922
922
908
908
908
908
908
908
925
925
925
925
925
917
917
917
917
917
911
911
911
911
911
911
914
914
914
914
914
913
913
913
913
913
918
918
918
918
918
918
920
920
920
920
920
930
930
930
930
930
923
923
923
923
923
923
916
916
916
916
916
921
921
921
921
921
895
895
895
895
895
895
917
917
917
917
917
918
918
918
918
918
912
912
912
912
912
912
921
921
921
921
921
924
924
924
924
924
909
909
909
909
909
909
900
900
900
900
900
917
917
917
917
917
915
915
915
915
915
915
917
917
917
917
917
905
905
905
905
905
904
904
904
904
904
904
919
919
919
919
919
915
915
915
915
915
914
914
914
914
914
914
909
909
909
909
909
912
912
912
912
912
916
916
916
916
916
916
912
912
912
912
912
906
906
906
906
906
904
904
904
904
904
904
912
912
912
912
912
920
920
920
920
920
927
927
927
927
927
927
906
906
906
906
906
912
912
912
912
912
918
918
918
918
918
918
923
923
923
923
923
914
914
914
914
914
913
913
913
913
913
913
925
925
925
925
925
925
925
925
925
925
920
920
920
920
920
920
918
918
918
918
918
925
925
925
925
925
926
926
926
926
926
926
921
921
921
921
921
921
921
921
921
921
935
935
935
935
935
935
921
921
921
921
921
934
934
934
934
934
913
913
913
913
913
913
944
944
944
944
944
923
923
923
923
923
940
940
940
940
940
940
921
921
921
921
921
927
927
927
927
927
943
943
943
943
943
943
942
942
942
942
942
935
935
935
935
935
931
931
931
931
931
931
932
932
932
932
932
932
932
932
932
932
931
931
931
931
931
931
934
934
934
934
934
932
932
932
932
932
942
942
942
942
942
942
941
941
941
941
941
920
920
920
920
920
936
936
936
936
936
936
929
929
929
929
929
942
942
942
942
942
933
933
933
933
933
933
941
941
941
941
941
934
934
934
934
934
926
926
926
926
926
926
919
919
919
919
919
942
942
942
942
942
938
938
938
938
938
938
934
934
934
934
934
935
935
935
935
935
946
946
946
946
946
946
938
938
938
938
938
947
947
947
947
947
942
942
942
942
942
942
938
938
938
938
938
948
948
948
948
948
930
930
930
930
930
930
918
918
918
918
918
938
938
938
938
938
942
942
942
942
942
942
929
929
929
929
929
936
936
936
936
936
927
927
927
927
927
927
933
933
933
933
933
922
922
922
922
922
940
940
940
940
940
940
937
937
937
937
937
930
930
930
930
930
940
940
940
940
940
940
947
947
947
947
947
946
946
946
946
946
942
942
942
942
942
942
943
943
943
943
943
932
932
932
932
932
931
931
931
931
931
931
936
936
936
936
936
942
942
942
942
942
943
943
943
943
943
943
942
942
942
942
942
947
947
947
947
947
933
933
933
933
933
933
941
941
941
941
941
946
946
946
946
946
933
933
933
933
933
933
942
942
942
942
942
940
940
940
940
940
950
950
950
950
950
950
950
950
950
950
950
937
937
937
937
937
945
945
945
945
945
945
955
955
955
955
955
940
940
940
940
940
936
936
936
936
936
936
947
947
947
947
947
952
952
952
952
952
955
955
955
955
955
955
941
941
941
941
941
939
939
939
939
939
953
953
953
953
953
953
936
936
936
936
936
940
940
940
940
940
947
947
947
947
947
947
945
945
945
945
945
948
948
948
948
948
954
954
954
954
954
954
934
934
934
934
934
952
952
952
952
952
950
950
950
950
950
950
943
943
943
943
943
935
935
935
935
935
933
933
933
933
933
933
931
931
931
931
931
935
935
935
935
935
927
927
927
927
927
927
926
926
926
926
926
942
942
942
942
942
939
939
939
939
939
939
931
931
931
931
931
935
935
935
935
935
927
927
927
927
927
927
929
929
929
929
929
929
929
929
929
929
940
940
940
940
940
940
917
917
917
917
917
936
936
936
936
936
939
939
939
939
939
939
922
922
922
922
922
936
936
936
936
936
930
930
930
930
930
930
915
915
915
915
915
940
940
940
940
940
934
934
934
934
934
934
933
933
933
933
933
937
937
937
937
937
927
927
927
927
927
927
929
929
929
929
929
935
935
935
935
935
927
927
927
927
927
927
924
924
924
924
924
933
933
933
933
933
919
919
919
919
919
919
927
927
927
927
927
935
935
935
935
935
932
932
932
932
932
932
926
926
926
926
926
917
917
917
917
917
921
921
921
921
921
921
914
914
914
914
914
933
933
933
933
933
914
914
914
914
914
914
934
934
934
934
934
922
922
922
922
922
919
919
919
919
919
919
921
921
921
921
921
915
915
915
915
915
927
927
927
927
927
927
922
922
922
922
922
923
923
923
923
923
921
921
921
921
921
921
907
907
907
907
907
925
925
925
925
925
920
920
920
920
920
920
932
932
932
932
932
925
925
925
925
925
921
921
921
921
921
921
906
906
906
906
906
926
926
926
926
926
913
913
913
913
913
913
926
926
926
926
926
916
916
916
916
916
921
921
921
921
921
921
920
920
920
920
920
914
914
914
914
914
916
916
916
916
916
916
922
922
922
922
922
920
920
920
920
920
914
914
914
914
914
914
915
915
915
915
915
909
909
909
909
909
919
919
919
919
919
919
916
916
916
916
916
901
901
901
901
901
917
917
917
917
917
928
928
928
928
928
919
919
919
919
919
920
920
920
920
920
920
929
929
929
929
929
908
908
908
908
908
920
920
920
920
920
920
898
898
898
898
898
905
905
905
905
905
919
919
919
919
919
919
919
919
919
919
919
900
900
900
900
900
911
911
911
911
911
911
913
913
913
913
913
904
904
904
904
904
913
913
913
913
913
913
911
911
911
911
911
912
912
912
912
912
906
906
906
906
906
906
911
911
911
911
911
919
919
919
919
919
909
909
909
909
909
909
916
916
916
916
916
917
917
917
917
917
906
906
906
906
906
906
912
912
912
912
912
907
907
907
907
907
907
903
903
903
903
903
911
911
911
911
911
901
901
901
901
901
912
912
912
912
912
912
924
924
924
924
924
903
903
903
903
903
917
917
917
917
917
917
912
912
912
912
912
913
913
913
913
913
913
909
909
909
909
909
900
900
900
900
900
914
914
914
914
914
922
922
922
922
922
922
915
915
915
915
915
922
922
922
922
922
913
913
913
913
913
913
911
911
911
911
911
915
915
915
915
915
915
927
927
927
927
927
914
914
914
914
914
917
917
917
917
917
915
915
915
915
915
915
930
930
930
930
930
911
911
911
911
911
920
920
920
920
920
920
927
927
927
927
927
928
928
928
928
928
928
916
916
916
916
916
927
927
927
927
927
928
928
928
928
928
929
929
929
929
929
929
922
922
922
922
922
933
933
933
933
933
919
919
919
919
919
919
924
924
924
924
924
924
924
924
924
924
924
927
927
927
927
927
923
923
923
923
923
913
913
913
913
913
916
916
916
916
916
916
927
927
927
927
927
931
931
931
931
931
921
921
921
921
921
921
930
930
930
930
930
924
924
924
924
924
924
924
924
924
924
924
915
915
915
915
915
938
938
938
938
938
923
923
923
923
923
923
929
929
929
929
929
927
927
927
927
927
922
922
922
922
922
922
920
920
920
920
920
930
930
930
930
930
930
924
924
924
924
924
925
925
925
925
925
924
924
924
924
924
927
927
927
927
927
927
931
931
931
931
931
926
926
926
926
926
937
937
937
937
937
937
934
934
934
934
934
934
934
934
934
934
934
933
933
933
933
933
912
912
912
912
912
937
937
937
937
937
932
932
932
932
932
932
947
947
947
947
947
946
946
946
946
946
931
931
931
931
931
931
950
950
950
950
950
959
959
959
959
959
959
944
944
944
944
944
952
952
952
952
952
945
945
945
945
945
944
944
944
944
944
944
953
953
953
953
953
949
949
949
949
949
958
958
958
958
958
958
959
959
959
959
959
959
959
959
959
959
959
946
946
946
946
946
959
959
959
959
959
960
960
960
960
960
969
969
969
969
969
969
963
963
963
963
963
982
982
982
982
982
968
968
968
968
968
968
963
963
963
963
963
984
984
984
984
984
984
978
978
978
978
978
986
986
986
986
986
978
978
978
978
978
992
992
992
992
992
992
988
988
988
988
988
986
986
986
986
986
988
988
988
988
988
988
988
988
988
988
988
987
987
987
987
987
987
995
995
995
995
995
987
987
987
987
987
1002
1002
1002
1002
1002
995
995
995
995
995
995
1013
1013
1013
1013
1013
1017
1017
1017
1017
1017
1010
1010
1010
1010
1010
1010
1010
1010
1010
1010
1010
1010
1010
1010
1010
1010
1010
1005
1005
1005
1005
1005
1022
1022
1022
1022
1022
1018
1018
1018
1018
1018
1004
1004
1004
1004
1004
1004
1012
1012
1012
1012
1012
1016
1016
1016
1016
1016
1022
1022
1022
1022
1022
1022
1030
1030
1030
1030
1030
1018
1018
1018
1018
1018
1018
1016
1016
1016
1016
1016
1032
1032
1032
1032
1032
1022
1022
1022
1022
1022
1019
1019
1019
1019
1019
1019
1021
1021
1021
1021
1021
1023
1023
1023
1023
1023
1018
1018
1018
1018
1018
1018
1043
1043
1043
1043
1043
1075
1075
1075
1075
1075
1075
1110
1110
1110
1110
1110
1183
1183
1183
1183
1183
1250
1250
1250
1250
1250
1309
1309
1309
1309
1309
1309
1392
1392
1392
1392
1392
1430
1430
1430
1430
1430
1477
1477
1477
1477
1477
1477
1486
1486
1486
1486
1486
1465
1465
1465
1465
1465
1465
1451
1451
1451
1451
1451
1451
1451
1451
1451
1451
1446
1446
1446
1446
1446
1486
1486
1486
1486
1486
1486
1545
1545
1545
1545
1545
1616
1616
1616
1616
1616
1676
1676
1676
1676
1676
1676
1707
1707
1707
1707
1707
1737
1737
1737
1737
1737
1737
1728
1728
1728
1728
1728
1669
1669
1669
1669
1669
1609
1609
1609
1609
1609
1487
1487
1487
1487
1487
1487
1347
1347
1347
1347
1347
1198
1198
1198
1198
1198
1023
1023
1023
1023
1023
1023
865
865
865
865
865
723
723
723
723
723
723
607
607
607
607
607
509
509
509
509
509
433
433
433
433
433
382
382
382
382
382
382
365
365
365
365
365
352
352
352
352
352
338
338
338
338
338
338
349
349
349
349
349
360
360
360
360
360
360
410
410
410
410
410
428
428
428
428
428
483
483
483
483
483
541
541
541
541
541
541
594
594
594
594
594
663
663
663
663
663
731
731
731
731
731
731
803
803
803
803
803
886
886
886
886
886
886
982
982
982
982
982
1065
1065
1065
1065
1065
1141
1141
1141
1141
1141
1198
1198
1198
1198
1198
1198
1205
1205
1205
1205
1205
1208
1208
1208
1208
1208
1137
1137
1137
1137
1137
1137
1049
1049
1049
1049
1049
946
946
946
946
946
946
822
822
822
822
822
676
676
676
676
676
557
557
557
557
557
450
450
450
450
450
450
382
382
382
382
382
341
341
341
341
341
285
285
285
285
285
285
293
293
293
293
293
267
267
267
267
267
267
249
249
249
249
249
224
224
224
224
224
191
191
191
191
191
178
178
178
178
178
178
162
162
162
162
162
147
147
147
147
147
141
141
141
141
141
141
168
168
168
168
168
192
192
192
192
192
192
250
250
250
250
250
330
330
330
330
330
423
423
423
423
423
552
552
552
552
552
552
665
665
665
665
665
758
758
758
758
758
861
861
861
861
861
861
931
931
931
931
931
1007
1007
1007
1007
1007
1007
1070
1070
1070
1070
1070
1157
1157
1157
1157
1157
1235
1235
1235
1235
1235
1341
1341
1341
1341
1341
1341
1409
1409
1409
1409
1409
1490
1490
1490
1490
1490
1568
1568
1568
1568
1568
1568
1616
1616
1616
1616
1616
1661
1661
1661
1661
1661
1661
1685
1685
1685
1685
1685
1699
1699
1699
1699
1699
1690
1690
1690
1690
1690
1647
1647
1647
1647
1647
1647
1565
1565
1565
1565
1565
1428
1428
1428
1428
1428
1299
1299
1299
1299
1299
1299
1111
1111
1111
1111
1111
953
953
953
953
953
953
806
806
806
806
806
725
725
725
725
725
675
675
675
675
675
712
712
712
712
712
712
788
788
788
788
788
888
888
888
888
888
1033
1033
1033
1033
1033
1033
1155
1155
1155
1155
1155
1301
1301
1301
1301
1301
1301
1402
1402
1402
1402
1402
1449
1449
1449
1449
1449
1466
1466
1466
1466
1466
1445
1445
1445
1445
1445
1445
1416
1416
1416
1416
1416
1379
1379
1379
1379
1379
1376
1376
1376
1376
1376
1376
1368
1368
1368
1368
1368
1396
1396
1396
1396
1396
1396
1448
1448
1448
1448
1448
1545
1545
1545
1545
1545
1638
1638
1638
1638
1638
1739
1739
1739
1739
1739
1739
1812
1812
1812
1812
1812
1857
1857
1857
1857
1857
1860
1860
1860
1860
1860
1860
1790
1790
1790
1790
1790
1718
1718
1718
1718
1718
1718
1609
1609
1609
1609
1609
1460
1460
1460
1460
1460
1310
1310
1310
1310
1310
1160
1160
1160
1160
1160
1160
1025
1025
1025
1025
1025
938
938
938
938
938
858
858
858
858
858
858
829
829
829
829
829
800
800
800
800
800
800
776
776
776
776
776
752
752
752
752
752
710
710
710
710
710
664
664
664
664
664
664
583
583
583
583
583
497
497
497
497
497
389
389
389
389
389
389
333
333
333
333
333
277
277
277
277
277
277
252
252
252
252
252
247
247
247
247
247
266
266
266
266
266
316
316
316
316
316
316
384
384
384
384
384
481
481
481
481
481
592
592
592
592
592
592
692
692
692
692
692
759
759
759
759
759
759
828
828
828
828
828
847
847
847
847
847
861
861
861
861
861
834
834
834
834
834
834
789
789
789
789
789
769
769
769
769
769
726
726
726
726
726
726
725
725
725
725
725
727
727
727
727
727
727
737
737
737
737
737
756
756
756
756
756
790
790
790
790
790
800
800
800
800
800
800
813
813
813
813
813
807
807
807
807
807
755
755
755
755
755
755
704
704
704
704
704
652
652
652
652
652
652
607
607
607
607
607
586
586
586
586
586
586
586
586
586
586
610
610
610
610
610
610
663
663
663
663
663
739
739
739
739
739
817
817
817
817
817
817
893
893
893
893
893
975
975
975
975
975
975
1039
1039
1039
1039
1039
1083
1083
1083
1083
1083
1099
1099
1099
1099
1099
1094
1094
1094
1094
1094
1094
1063
1063
1063
1063
1063
1035
1035
1035
1035
1035
999
999
999
999
999
999
970
970
970
970
970
952
952
952
952
952
952
954
954
954
954
954
980
980
980
980
980
1013
1013
1013
1013
1013
1068
1068
1068
1068
1068
1068
1113
1113
1113
1113
1113
1163
1163
1163
1163
1163
1184
1184
1184
1184
1184
1184
1201
1201
1201
1201
1201
1208
1208
1208
1208
1208
1208
1189
1189
1189
1189
1189
1168
1168
1168
1168
1168
1144
1144
1144
1144
1144
1119
1119
1119
1119
1119
1119
1095
1095
1095
1095
1095
1086
1086
1086
1086
1086
1067
1067
1067
1067
1067
1067
1071
1071
1071
1071
1071
1085
1085
1085
1085
1085
1085
1096
1096
1096
1096
1096
1107
1107
1107
1107
1107
1121
1121
1121
1121
1121
1110
1110
1110
1110
1110
1110
1106
1106
1106
1106
1106
1073
1073
1073
1073
1073
1018
1018
1018
1018
1018
1018
979
979
979
979
979
921
921
921
921
921
921
898
898
898
898
898
876
876
876
876
876
862
862
862
862
862
870
870
870
870
870
870
879
879
879
879
879
904
904
904
904
904
918
918
918
918
918
918
927
927
927
927
927
921
921
921
921
921
921
901
901
901
901
901
880
880
880
880
880
864
864
864
864
864
839
839
839
839
839
839
799
799
799
799
799
778
778
778
778
778
759
759
759
759
759
759
743
743
743
743
743
750
750
750
750
750
750
737
737
737
737
737
734
734
734
734
734
735
735
735
735
735
725
725
725
725
725
725
718
718
718
718
718
709
709
709
709
709
692
692
692
692
692
692
673
673
673
673
673
648
648
648
648
648
648
641
641
641
641
641
639
639
639
639
639
653
653
653
653
653
669
669
669
669
669
669
716
716
716
716
716
752
752
752
752
752
797
797
797
797
797
797
857
857
857
857
857
894
894
894
894
894
894
926
926
926
926
926
966
966
966
966
966
974
974
974
974
974
968
968
968
968
968
968
975
975
975
975
975
944
944
944
944
944
923
923
923
923
923
923
904
904
904
904
904
869
869
869
869
869
869
868
868
868
868
868
868
868
868
868
868
890
890
890
890
890
918
918
918
918
918
918
943
943
943
943
943
975
975
975
975
975
980
980
980
980
980
980
1005
1005
1005
1005
1005
1010
1010
1010
1010
1010
1010
1021
1021
1021
1021
1021
1039
1039
1039
1039
1039
1046
1046
1046
1046
1046
1048
1048
1048
1048
1048
1048
1070
1070
1070
1070
1070
1099
1099
1099
1099
1099
1120
1120
1120
1120
1120
1120
1145
1145
1145
1145
1145
1174
1174
1174
1174
1174
1174
1195
1195
1195
1195
1195
1226
1226
1226
1226
1226
1234
1234
1234
1234
1234
1251
1251
1251
1251
1251
1251
1256
1256
1256
1256
1256
1247
1247
1247
1247
1247
1214
1214
1214
1214
1214
1214
1186
1186
1186
1186
1186
1154
1154
1154
1154
1154
1154
1115
1115
1115
1115
1115
1088
1088
1088
1088
1088
1061
1061
1061
1061
1061
1036
1036
1036
1036
1036
1036
1021
1021
1021
1021
1021
1006
1006
1006
1006
1006
987
987
987
987
987
987
980
980
980
980
980
969
969
969
969
969
969
948
948
948
948
948
921
921
921
921
921
893
893
893
893
893
872
872
872
872
872
872
847
847
847
847
847
827
827
827
827
827
824
824
824
824
824
824
842
842
842
842
842
848
848
848
848
848
848
843
843
843
843
843
847
847
847
847
847
853
853
853
853
853
856
856
856
856
856
856
831
831
831
831
831
819
819
819
819
819
782
782
782
782
782
782
760
760
760
760
760
718
718
718
718
718
718
691
691
691
691
691
663
663
663
663
663
652
652
652
652
652
654
654
654
654
654
654
652
652
652
652
652
653
653
653
653
653
665
665
665
665
665
665
691
691
691
691
691
705
705
705
705
705
705
710
710
710
710
710
707
707
707
707
707
733
733
733
733
733
728
728
728
728
728
728
731
731
731
731
731
728
728
728
728
728
714
714
714
714
714
714
725
725
725
725
725
748
748
748
748
748
748
758
758
758
758
758
769
769