403
403
403
403
415
415
415
415
415
415
411
411
411
411
411
412
412
412
412
412
411
411
411
411
411
411
406
406
406
406
406
420
420
420
420
420
398
398
398
398
398
398
439
439
439
439
439
432
432
432
432
432
407
407
407
407
407
407
424
424
424
424
424
424
424
424
424
424
401
401
401
401
401
401
414
414
414
414
414
410
410
410
410
410
415
415
415
415
415
415
399
399
399
399
399
404
404
404
404
404
405
405
405
405
405
405
419
419
419
419
419
404
404
404
404
404
422
422
422
422
422
422
411
411
411
411
411
407
407
407
407
407
418
418
418
418
418
418
407
407
407
407
407
407
407
407
407
407
407
407
407
407
407
407
432
432
432
432
432
402
402
402
402
402
408
408
408
408
408
408
400
400
400
400
400
415
415
415
415
415
403
403
403
403
403
403
417
417
417
417
417
423
423
423
423
423
404
404
404
404
404
404
402
402
402
402
402
398
398
398
398
398
407
407
407
407
407
407
417
417
417
417
417
419
419
419
419
419
409
409
409
409
409
409
405
405
405
405
405
407
407
407
407
407
402
402
402
402
402
402
423
423
423
423
423
402
402
402
402
402
430
430
430
430
430
430
397
397
397
397
397
423
423
423
423
423
407
407
407
407
407
407
405
405
405
405
405
419
419
419
419
419
399
399
399
399
399
399
413
413
413
413
413
407
407
407
407
419
419
419
419
419
419
401
401
401
401
401
406
406
406
406
406
401
401
401
401
401
401
410
410
410
410
410
402
402
402
402
402
401
401
401
401
401
401
427
427
427
427
427
421
421
421
421
421
400
400
400
400
400
400
407
407
407
407
407
418
418
418
418
418
402
402
402
402
402
402
437
437
437
437
437
395
395
395
395
395
412
412
412
412
412
412
408
408
408
408
408
402
402
402
402
402
425
425
425
425
425
425
413
413
413
413
413
401
401
401
401
401
418
418
418
418
418
418
411
411
411
411
411
424
424
424
424
424
447
447
447
447
447
447
437
437
437
437
437
452
452
452
452
452
487
487
487
487
487
487
494
494
494
494
494
540
540
540
540
540
600
600
600
600
600
600
650
650
650
650
650
623
623
623
623
623
689
689
689
689
689
689
661
661
661
661
661
681
681
681
681
681
658
658
658
658
658
658
657
657
657
657
657
698
698
698
698
698
705
705
705
705
705
705
791
791
791
791
791
878
878
878
878
878
963
963
963
963
963
963
1040
1040
1040
1040
1040
1195
1195
1195
1195
1195
1273
1273
1273
1273
1273
1273
1375
1375
1375
1375
1375
1509
1509
1509
1509
1509
1625
1625
1625
1625
1625
1625
1766
1766
1766
1766
1766
1878
1878
1878
1878
1878
2006
2006
2006
2006
2006
2006
2054
2054
2054
2054
2054
2111
2111
2111
2111
2111
2067
2067
2067
2067
2067
2067
2068
2068
2068
2068
2068
1937
1937
1937
1937
1937
1843
1843
1843
1843
1843
1843
1783
1783
1783
1783
1783
1648
1648
1648
1648
1648
1614
1614
1614
1614
1614
1614
1482
1482
1482
1482
1482
1427
1427
1427
1427
1427
1343
1343
1343
1343
1343
1343
1280
1280
1280
1280
1280
1150
1150
1150
1150
1150
1029
1029
1029
1029
1029
1029
901
901
901
901
901
755
755
755
755
755
658
658
658
658
658
658
515
515
515
515
515
499
499
499
499
499
425
425
425
425
425
425
433
433
433
433
433
408
408
408
408
408
415
415
415
415
415
415
423
423
423
423
423
399
399
399
399
399
398
398
398
398
398
398
378
378
378
378
378
364
364
364
364
364
375
375
375
375
375
375
357
357
357
357
357
345
345
345
345
345
355
355
355
355
355
355
354
354
354
354
354
340
340
340
340
340
338
338
338
338
338
338
336
336
336
336
336
340
340
340
340
340
355
355
355
355
355
355
336
336
336
336
336
356
356
356
356
356
338
338
338
338
338
338
341
341
341
341
341
351
351
351
351
351
354
354
354
354
354
354
354
354
354
354
354
359
359
359
359
359
340
340
340
340
340
340
356
356
356
356
356
359
359
359
359
359
338
338
338
338
338
338
343
343
343
343
343
331
331
331
331
331
341
341
341
341
341
341
328
328
328
328
328
339
339
339
339
339
329
329
329
329
329
329
325
325
325
325
325
316
316
316
316
316
303
303
303
303
303
303
302
302
302
302
302
307
307
307
307
307
318
318
318
318
318
318
320
320
320
320
320
318
318
318
318
318
321
321
321
321
321
321
317
317
317
317
317
327
327
327
327
327
321
321
321
321
321
321
328
328
328
328
328
335
335
335
335
335
342
342
342
342
342
342
323
323
323
323
323
331
331
331
331
331
338
338
338
338
338
338
337
337
337
337
337
342
342
342
342
342
319
319
319
319
319
319
343
343
343
343
343
330
330
330
330
330
339
339
339
339
339
339
330
330
330
330
330
327
327
327
327
327
333
333
333
333
333
333
329
329
329
329
329
331
331
331
331
331
332
332
332
332
332
332
342
342
342
342
342
343
343
343
343
343
335
335
335
335
335
335
338
338
338
338
338
333
333
333
333
333
343
343
343
343
343
343
339
339
339
339
339
325
325
325
325
325
319
319
319
319
319
319
331
331
331
331
331
326
326
326
326
326
318
318
318
318
318
318
322
322
322
322
322
323
323
323
323
323
328
328
328
328
328
328
316
316
316
316
316
318
318
318
318
318
321
321
321
321
321
321
317
317
317
317
317
330
330
330
330
330
319
319
319
319
319
319
319
319
319
319
319
316
316
316
316
316
326
326
326
326
326
326
326
326
326
326
326
333
333
333
333
333
324
324
324
324
324
324
325
325
325
325
325
337
337
337
337
337
337
337
337
337
337
337
344
344
344
344
344
327
327
327
327
327
345
345
345
345
345
345
329
329
329
329
329
318
318
318
318
318
338
338
338
338
338
338
344
344
344
344
344
341
341
341
341
341
343
343
343
343
343
343
347
347
347
347
347
357
357
357
357
357
361
361
361
361
361
361
365
365
365
365
365
383
383
383
383
383
401
401
401
401
401
401
412
412
412
412
412
415
415
415
415
415
407
407
407
407
407
407
410
410
410
410
410
431
431
431
431
431
437
437
437
437
437
437
419
419
419
419
419
421
421
421
421
421
458
458
458
458
458
458
427
427
427
427
427
442
442
442
442
442
434
434
434
434
434
434
444
444
444
444
444
443
443
443
443
443
430
430
430
430
430
430
453
453
453
453
453
452
452
452
452
452
457
457
457
457
457
457
453
453
453
453
453
495
495
495
495
495
530
530
530
530
530
530
597
597
597
597
597
583
583
583
583
583
623
623
623
623
623
623
743
743
743
743
743
783
783
783
783
783
856
856
856
856
856
856
921
921
921
921
921
942
942
942
942
942
1050
1050
1050
1050
1050
1050
1047
1047
1047
1047
1047
1068
1068
1068
1068
1068
1033
1033
1033
1033
1033
1033
1063
1063
1063
1063
1063
1066
1066
1066
1066
1066
1048
1048
1048
1048
1048
1048
1076
1076
1076
1076
1076
1087
1087
1087
1087
1087
1170
1170
1170
1170
1170
1170
1199
1199
1199
1199
1199
1204
1204
1204
1204
1204
1270
1270
1270
1270
1270
1270
1242
1242
1242
1242
1242
1253
1253
1253
1253
1253
1310
1310
1310
1310
1310
1310
1337
1337
1337
1337
1337
1338
1338
1338
1338
1338
1312
1312
1312
1312
1312
1312
1280
1280
1280
1280
1280
1260
1260
1260
1260
1260
1250
1250
1250
1250
1250
1250
1177
1177
1177
1177
1177
1168
1168
1168
1168
1168
1100
1100
1100
1100
1100
1100
1106
1106
1106
1106
1106
1024
1024
1024
1024
1024
1024
1024
1024
1024
1024
1024
1039
1039
1039
1039
1039
887
887
887
887
887
939
939
939
939
939
939
888
888
888
888
888
910
910
910
910
910
870
870
870
870
870
870
953
953
953
953
953
943
943
943
943
943
956
956
956
956
956
956
999
999
999
999
999
946
946
946
946
946
904
904
904
904
904
904
888
888
888
888
888
856
856
856
856
856
843
843
843
843
843
843
748
748
748
748
748
745
745
745
745
745
717
717
717
717
717
717
673
673
673
673
673
665
665
665
665
665
642
642
642
642
642
642
600
600
600
600
600
594
594
594
594
594
600
600
600
600
600
600
565
565
565
565
565
574
574
574
574
574
563
563
563
563
563
563
564
564
564
564
564
544
544
544
544
544
561
561
561
561
561
561
531
531
531
531
531
540
540
540
540
540
542
542
542
542
542
542
557
557
557
557
557
536
536
536
536
536
521
521
521
521
521
521
513
513
513
513
513
497
497
497
497
497
453
453
453
453
453
453
457
457
457
457
457
442
442
442
442
442
460
460
460
460
460
460
447
447
447
447
447
446
446
446
446
446
422
422
422
422
422
422
416
416
416
416
416
412
412
412
412
412
407
407
407
407
407
407
399
399
399
399
399
405
405
405
405
405
405
405
405
405
405
405
386
386
386
386
386
405
405
405
405
405
395
395
395
395
395
395
411
411
411
411
411
428
428
428
428
428
402
402
402
402
402
402
393
393
393
393
393
412
412
412
412
412
388
388
388
388
388
388
407
407
407
407
407
402
402
402
402
402
380
380
380
380
380
380
372
372
372
372
372
366
366
366
366
366
392
392
392
392
392
392
388
388
388
388
388
384
384
384
384
384
385
385
385
385
385
385
386
386
386
386
386
365
365
365
365
365
386
386
386
386
386
386
386
386
386
386
386
385
385
385
385
385
387
387
387
387
387
387
375
375
375
375
375
373
373
373
373
373
366
366
366
366
366
366
376
376
376
376
376
354
354
354
354
354
363
363
363
363
363
363
354
354
354
354
354
351
351
351
351
351
357
357
357
357
357
357
345
345
345
345
345
364
364
364
364
364
352
352
352
352
352
352
341
341
341
341
341
338
338
338
338
338
343
343
343
343
343
343
358
358
358
358
358
345
345
345
345
345
356
356
356
356
356
356
340
340
340
340
340
349
349
349
349
349
335
335
335
335
335
335
346
346
346
346
346
342
342
342
342
342
335
335
335
335
335
335
343
343
343
343
343
345
345
345
345
345
342
342
342
342
342
342
347
347
347
347
347
351
351
351
351
351
353
353
353
353
353
353
354
354
354
354
354
336
336
336
336
336
348
348
348
348
348
348
359
359
359
359
359
346
346
346
346
346
358
358
358
358
358
358
335
335
335
335
335
332
332
332
332
332
345
345
345
345
345
345
355
355
355
355
355
358
358
358
358
358
352
352
352
352
352
352
357
357
357
357
357
360
360
360
360
360
343
343
343
343
343
343
361
361
361
361
361
348
348
348
348
348
352
352
352
352
352
352
375
375
375
375
375
358
358
358
358
358
368
368
368
368
368
368
359
359
359
359
359
357
357
357
357
357
368
368
368
368
368
368
364
364
364
364
364
367
367
367
367
367
352
352
352
352
352
352
401
401
401
401
401
365
365
365
365
365
385
385
385
385
385
385
371
371
371
371
371
375
375
375
375
375
389
389
389
389
389
389
395
395
395
395
395
383
383
383
383
383
395
395
395
395
395
395
418
418
418
418
418
395
395
395
395
395
405
405
405
405
405
405
420
420
420
420
420
429
429
429
429
429
426
426
426
426
426
426
414
414
414
414
414
442
442
442
442
442
416
416
416
416
416
416
433
433
433
433
433
458
458
458
458
458
468
468
468
468
468
468
453
453
453
453
453
456
456
456
456
456
472
472
472
472
472
472
475
475
475
475
475
474
474
474
474
474
468
468
468
468
468
468
453
453
453
453
453
463
463
463
463
463
483
483
483
483
483
483
466
466
466
466
466
490
490
490
490
490
475
475
475
475
475
475
474
474
474
474
474
473
473
473
473
473
508
508
508
508
508
508
493
493
493
493
493
498
498
498
498
498
481
481
481
481
481
481
519
519
519
519
519
491
491
491
491
491
476
476
476
476
476
476
501
501
501
501
501
482
482
482
482
482
500
500
500
500
500
500
479
479
479
479
479
465
465
465
465
465
477
477
477
477
477
477
497
497
497
497
497
521
521
521
521
521
504
504
504
504
504
504
474
474
474
474
474
479
479
479
479
479
492
492
492
492
492
492
522
522
522
522
522
525
525
525
525
525
501
501
501
501
501
501
520
520
520
520
520
511
511
511
511
511
527
527
527
527
527
527
500
500
500
500
500
525
525
525
525
525
492
492
492
492
492
492
514
514
514
514
514
466
466
466
466
466
504
504
504
504
504
504
554
554
554
554
554
506
506
506
506
506
527
527
527
527
527
527
509
509
509
509
509
476
476
476
476
476
504
504
504
504
504
504
495
495
495
495
495
492
492
492
492
492
509
509
509
509
509
509
504
504
504
504
504
488
488
488
488
488
525
525
525
525
525
525
492
492
492
492
492
535
535
535
535
535
495
495
495
495
495
495
504
504
504
504
504
495
495
495
495
495
509
509
509
509
509
509
509
509
509
509
509
489
489
489
489
489
501
501
501
501
501
501
490
490
490
490
490
480
480
480
480
480
495
495
495
495
495
495
464
464
464
464
464
495
495
495
495
495
474
474
474
474
474
474
473
473
473
473
473
490
490
490
490
490
497
497
497
497
497
497
518
518
518
518
518
496
496
496
496
496
463
463
463
463
463
463
482
482
482
482
482
460
460
460
460
460
463
463
463
463
463
463
481
481
481
481
481
453
453
453
453
453
490
490
490
490
490
490
462
462
462
462
462
474
474
474
474
474
470
470
470
470
470
470
462
462
462
462
462
432
432
432
432
432
456
456
456
456
456
456
422
422
422
422
422
451
451
451
451
451
427
427
427
427
427
427
444
444
444
444
444
439
439
439
439
439
431
431
431
431
431
431
429
429
429
429
429
422
422
422
422
422
451
451
451
451
451
451
402
402
402
402
402
419
419
419
419
419
429
429
429
429
429
429
422
422
422
422
422
406
406
406
406
406
429
429
429
429
429
429
422
422
422
422
422
410
410
410
410
410
422
422
422
422
422
422
424
424
424
424
424
404
404
404
404
404
410
410
410
410
410
410
408
408
408
408
408
396
396
396
396
396
395
395
395
395
395
395
395
395
395
395
395
385
385
385
385
385
397
397
397
397
397
397
379
379
379
379
379
379
379
379
379
379
400
400
400
400
400
400
386
386
386
386
386
381
381
381
381
381
395
395
395
395
395
395
388
388
388
388
388
384
384
384
384
384
378
378
378
378
378
378
370
370
370
370
370
376
376
376
376
376
381
381
381
381
381
381
376
376
376
376
376
378
378
378
378
378
371
371
371
371
371
371
365
365
365
365
365
368
368
368
368
368
354
354
354
354
354
354
356
356
356
356
356
384
384
384
384
384
373
373
373
373
373
373
384
384
384
384
384
360
360
360
360
360
344
344
344
344
344
344
386
386
386
386
386
369
369
369
369
369
370
370
370
370
370
370
369
369
369
369
369
343
343
343
343
343
357
357
357
357
357
357
362
362
362
362
362
371
371
371
371
371
374
374
374
374
374
374
379
379
379
379
379
365
365
365
365
365
391
391
391
391
391
391
361
361
361
361
361
377
377
377
377
377
375
375
375
375
375
375
363
363
363
363
363
384
384
384
384
384
388
388
388
388
388
388
373
373
373
373
373
375
375
375
375
375
400
400
400
400
400
400
369
369
369
369
369
386
386
386
386
386
382
382
382
382
382
382
384
384
384
384
384
378
378
378
378
378
376
376
376
376
376
376
387
387
387
387
387
366
366
366
366
366
384
384
384
384
384
384
374
374
374
374
374
397
397
397
397
372
372
372
372
372
372
373
373
373
373
373
372
372
372
372
372
379
379
379
379
379
379
396
396
396
396
396
385
385
385
385
385
388
388
388
388
388
388
389
389
389
389
389
386
386
386
386
386
401
401
401
401
401
401
414
414
414
414
414
396
396
396
396
396
394
394
394
394
394
394
388
388
388
388
388
393
393
393
393
393
389
389
389
389
389
389
398
398
398
398
398
394
394
394
394
394
403
403
403
403
403
403
382
382
382
382
382
414
414
414
414
414
396
396
396
396
396
396
400
400
400
400
400
418
418
418
418
418
410
410
410
410
410
410
412
412
412
412
412
394
394
394
394
394
407
407
407
407
407
407
400
400
400
400
400
387
387
387
387
387
416
416
416
416
416
416
405
405
405
405
405
409
409
409
409
409
415
415
415
415
415
415
421
421
421
421
421
421
421
421
421
421
410
410
410
410
410
410
418
418
418
418
418
412
412
412
412
412
419
419
419
419
419
419
425
425
425
425
425
418
418
418
418
418
413
413
413
413
413
413
427
427
427
427
427
416
416
416
416
416
425
425
425
425
425
425
422
422
422
422
422
450
450
450
450
450
431
431
431
431
431
431
432
432
432
432
432
432
432
432
432
432
434
434
434
434
434
434
427
427
427
427
427
428
428
428
428
428
452
452
452
452
452
452
423
423
423
423
423
431
431
431
431
431
444
444
444
444
444
444
434
434
434
434
434
445
445
445
445
445
439
439
439
439
439
439
452
452
452
452
452
463
463
463
463
463
460
460
460
460
460
460
450
450
450
450
450
445
445
445
445
445
452
452
452
452
452
452
452
452
452
452
452
477
477
477
477
477
465
465
465
465
465
465
452
452
452
452
452
467
467
467
467
467
460
460
460
460
460
460
490
490
490
490
490
476
476
476
476
476
460
460
460
460
460
460
477
477
477
477
477
459
459
459
459
459
461
461
461
461
461
461
461
461
461
461
461
463
463
463
463
463
465
465
465
465
465
465
462
462
462
462
462
460
460
460
460
460
448
448
448
448
448
448
451
451
451
451
451
455
455
455
455
455
477
477
477
477
477
477
454
454
454
454
454
454
454
454
454
454
453
453
453
453
453
453
457
457
457
457
457
455
455
455
455
455
472
472
472
472
472
472
447
447
447
447
447
450
450
450
450
450
453
453
453
453
453
453
469
469
469
469
469
452
452
452
452
452
465
465
465
465
465
465
441
441
441
441
441
438
438
438
438
438
450
450
450
450
450
450
448
448
448
448
448
451
451
451
451
451
445
445
445
445
445
445
427
427
427
427
427
434
434
434
434
434
422
422
422
422
422
422
418
418
418
418
418
425
425
425
425
425
440
440
440
440
440
440
431
431
431
431
431
445
445
445
445
445
439
439
439
439
439
439
434
434
434
434
434
440
440
440
440
440
443
443
443
443
443
443
430
430
430
430
430
431
431
431
431
431
426
426
426
426
426
426
434
434
434
434
434
438
438
438
438
438
420
420
420
420
420
420
435
435
435
435
435
423
423
423
423
423
431
431
431
431
431
431
432
432
432
432
432
414
414
414
414
414
415
415
415
415
415
415
406
406
406
406
406
423
423
423
423
423
413
413
413
413
413
413
424
424
424
424
424
420
420
420
420
420
406
406
406
406
406
406
403
403
403
403
403
405
405
405
405
405
407
407
407
407
407
407
407
407
407
407
407
399
399
399
399
399
410
410
410
410
410
410
414
414
414
414
414
400
400
400
400
400
413
413
413
413
413
413
391
391
391
391
391
406
406
406
406
406
395
395
395
395
395
395
394
394
394
394
394
405
405
405
405
405
384
384
384
384
384
384
405
405
405
405
405
396
396
396
396
396
390
390
390
390
390
390
391
391
391
391
391
388
388
388
388
388
400
400
400
400
400
400
403
403
403
403
403
392
392
392
392
392
410
410
410
410
410
410
395
395
395
395
395
408
408
408
408
408
403
403
403
403
403
403
392
392
392
392
392
386
386
386
386
386
382
382
382
382
382
382
405
405
405
405
405
394
394
394
394
394
391
391
391
391
391
391
397
397
397
397
397
409
409
409
409
409
400
400
400
400
400
400
412
412
412
412
412
405
405
405
405
405
390
390
390
390
390
390
404
404
404
404
404
380
380
380
380
380
384
384
384
384
384
384
394
394
394
394
394
385
385
385
385
385
401
401
401
401
401
401
388
388
388
388
388
398
398
398
398
398
377
377
377
377
377
377
374
374
374
374
374
385
385
385
385
385
393
393
393
393
393
393
389
389
389
389
389
384
384
384
384
384
374
374
374
374
374
374
381
381
381
381
381
384
384
384
384
384
395
395
395
395
395
395
388
388
388
388
388
392
392
392
392
392
391
391
391
391
391
391
381
381
381
381
381
387
387
387
387
387
389
389
389
389
389
389
398
398
398
398
398
385
385
385
385
385
383
383
383
383
383
383
403
403
403
403
403
390
390
390
390
390
376
376
376
376
376
376
393
393
393
393
393
404
404
404
404
404
374
374
374
374
374
374
401
401
401
401
401
398
398
398
398
398
391
391
391
391
391
391
389
389
389
389
389
392
392
392
392
392
399
399
399
399
399
399
391
391
391
391
391
395
395
395
395
395
400
400
400
400
400
400
409
409
409
409
409
391
391
391
391
391
374
374
374
374
374
374
417
417
417
417
417
406
406
406
406
406
403
403
403
403
403
403
405
405
405
405
405
390
390
390
390
390
396
396
396
396
396
396
399
399
399
399
399
401
401
401
401
401
420
420
420
420
420
420
400
400
400
400
400
405
405
405
405
405
392
392
392
392
392
392
397
397
397
397
397
402
402
402
402
402
412
412
412
412
412
412
395
395
395
395
395
396
396
396
396
396
403
403
403
403
403
403
404
404
404
404
404
396
396
396
396
396
413
413
413
413
413
413
417
417
417
417
417
406
406
406
406
406
396
396
396
396
396
396
408
408
408
408
408
410
410
410
410
410
381
381
381
381
381
381
432
432
432
432
432
400
400
400
400
400
386
386
386
386
386
386
407
407
407
407
407
393
393
393
393
393
403
403
403
403
403
403
395
395
395
395
395
418
418
418
418
418
408
408
408
408
408
408
402
402
402
402
402
411
411
411
411
411
399
399
399
399
399
399
441
441
441
441
441
406
406
406
406
406
423
423
423
423
423
423
403
403
403
403
403
404
404
404
404
404
399
399
399
399
399
399
408
408
408
408
408
422
422
422
422
422
424
424
424
424
424
424
407
407
407
407
407
406
406
406
406
406
438
438
438
438
438
438
411
411
411
411
411
427
427
427
427
427
439
439
439
439
439
439
430
430
430
430
430
421
421
421
421
421
419
419
419
419
419
419
441
441
441
441
441
435
435
435
435
435
451
451
451
451
451
451
425
425
425
425
425
426
426
426
426
426
424
424
424
424
424
424
432
432
432
432
432
400
400
400
400
400
424
424
424
424
424
424
420
420
420
420
420
434
434
434
434
434
446
446
446
446
446
446
426
426
426
426
426
437
437
437
437
437
412
412
412
412
412
412
422
422
422
422
422
424
424
424
424
424
416
416
416
416
416
416
414
414
414
414
414
438
438
438
438
438
433
433
433
433
433
433
427
427
427
427
427
430
430
430
430
430
418
418
418
418
418
418
429
429
429
429
429
424
424
424
424
424
439
439
439
439
439
439
435
435
435
435
435
406
406
406
406
406
428
428
428
428
428
428
431
431
431
431
431
441
441
441
441
441
427
427
427
427
427
427
445
445
445
445
445
420
420
420
420
420
410
410
410