121.05898284692805
121.05898284692805
121.05898284692805
121.05898284692805
121.05898284692805
121.05898284692805
121.05898284692805
121.05898284692805
121.05898284692805
121.05898284692805
121.05898284692805
121.05898284692805
121.05898284692805
121.05898284692805
121.05898284692805
121.05898284692805
121.05898284692805
121.05898284692805
121.05898284692805
121.05898284692805
121.05898284692805
121.05898284692805
121.05898284692805
120.77311182752855
118.02809452704152
118.02809452704152
118.02809452704152
117.60598175547737
117.15890810761553
116.68334524723754
116.68334524723754
115.62818682656902
114.38938763135633
114.38938763135633
114.38938763135633
114.38938763135633
114.38938763135633
97.36708396594632
92.24395131527517
92.24395131527517
88.23865100554156
84.89889995496708
84.89889995496708
81.90941589987186
81.90941589987186
79.10179792226572
79.10179792226572
76.37434922751527
73.65776922046396
73.65776922046396
73.65776922046396
73.65776922046396
73.65776922046396
73.65776922046396
73.65776922046396
73.65776922046396
73.65776922046396
73.65776922046396
73.65776922046396
73.65776922046396
73.65776922046396
73.65776922046396
50.409886322391195
48.741432453715646
48.741432453715646
48.741432453715646
47.24781444148569
47.24781444148569
45.898393672509464
45.898393672509464
44.66825316902306
44.66825316902306
43.53754280275089
43.53754280275089
42.49050643272774
42.49050643272774
41.51458276795149
41.51458276795149
41.51458276795149
41.51458276795149
41.51458276795149
41.51458276795149
41.51458276795149
41.51458276795149
41.51458276795149
34.12912305327146
34.12912305327146
34.12912305327146
34.12912305327146
33.53997028148545
32.96850403987395
32.96850403987395
32.96850403987395
32.4132670331171
32.4132670331171
31.872963305871252
31.872963305871252
31.872963305871252
30.83264149427134
31.346434720631716
30.83264149427134
30.83264149427134
30.83264149427134
30.83264149427134
30.83264149427134
30.83264149427134
30.83264149427134
30.83264149427134
30.83264149427134
30.83264149427134
30.83264149427134
30.83264149427134
30.330645985851763
26.651521991733734
26.225020606996434
26.225020606996434
26.225020606996434
25.804375598406033
25.38920109330152
25.804375598406033
25.38920109330152
25.38920109330152
25.38920109330152
24.979133597196217
24.979133597196217
24.979133597196217
24.573829493281977
24.17296279311714
24.573829493281977
24.17296279311714
24.573829493281977
23.77622310008818
23.77622310008818
23.77622310008818
23.77622310008818
24.17296279311714
23.77622310008818
23.77622310008818
23.77622310008818
23.77622310008818
23.77622310008818
23.77622310008818
23.77622310008818
23.77622310008818
23.77622310008818
23.77622310008818
23.77622310008818
23.77622310008818
23.383313752498374
20.34561180456968
20.34561180456968
20.34561180456968
19.9753269943749
19.9753269943749
19.9753269943749
19.9753269943749
19.60633141014754
19.9753269943749
19.60633141014754
19.60633141014754
19.60633141014754
19.60633141014754
19.60633141014754
19.60633141014754
19.60633141014754
19.60633141014754
19.23838429593613
19.23838429593613
19.23838429593613
19.23838429593613
19.23838429593613
18.87124202565669
19.23838429593613
18.87124202565669
18.87124202565669
18.87124202565669
18.87124202565669
18.504656597673883
18.504656597673883
18.13837400352535
18.504656597673883
18.13837400352535
18.13837400352535
18.13837400352535
18.13837400352535
17.772132435856385
17.772132435856385
17.772132435856385
17.772132435856385
17.772132435856385
17.772132435856385
17.772132435856385
17.772132435856385
17.772132435856385
17.772132435856385
17.772132435856385
17.772132435856385
17.772132435856385
17.772132435856385
17.772132435856385
17.772132435856385
17.772132435856385
17.772132435856385
17.772132435856385
17.772132435856385
17.772132435856385
17.772132435856385
17.772132435856385
17.772132435856385
17.772132435856385
17.772132435856385
17.772132435856385
17.772132435856385
17.772132435856385
17.772132435856385
17.772132435856385
17.772132435856385
17.772132435856385
17.772132435856385
17.772132435856385
17.772132435856385
17.40566029369784
14.427611455180097
14.427611455180097
17.772132435856385
14.427611455180097
14.427611455180097
14.043769760221819
14.427611455180097
14.043769760221819
14.043769760221819
13.655703260195738
14.043769760221819
13.655703260195738
14.043769760221819
13.655703260195738
14.043769760221819
13.655703260195738
13.655703260195738
13.655703260195738
13.655703260195738
13.655703260195738
13.262750105867047
13.655703260195738
13.262750105867047
13.262750105867047
13.262750105867047
13.262750105867047
13.262750105867047
13.262750105867047
12.86415388233617
12.86415388233617
12.86415388233617
12.86415388233617
12.86415388233617
12.86415388233617
12.86415388233617
12.86415388233617
12.86415388233617
12.459040293030128
12.459040293030128
12.86415388233617
12.459040293030128
12.459040293030128
12.459040293030128
12.459040293030128
12.459040293030128
12.459040293030128
12.046386211869704
12.046386211869704
12.459040293030128
12.459040293030128
12.459040293030128
12.459040293030128
12.459040293030128
12.046386211869704
12.046386211869704
12.046386211869704
12.046386211869704
12.046386211869704
12.046386211869704
12.046386211869704
11.624977785911893
12.046386211869704
12.046386211869704
11.624977785911893
11.624977785911893
11.624977785911893
11.624977785911893
11.624977785911893
11.624977785911893
11.624977785911893
11.624977785911893
11.624977785911893
11.624977785911893
11.624977785911893
11.624977785911893
11.624977785911893
11.624977785911893
11.624977785911893
11.624977785911893
11.624977785911893
11.624977785911893
11.624977785911893
11.624977785911893
11.624977785911893
11.624977785911893
11.624977785911893
11.624977785911893
11.624977785911893
11.624977785911893
11.624977785911893
11.624977785911893
11.624977785911893
11.624977785911893
11.624977785911893
11.624977785911893
11.624977785911893
11.624977785911893
11.624977785911893
11.624977785911893
11.624977785911893
11.624977785911893
11.624977785911893
11.624977785911893
11.624977785911893
11.624977785911893
11.624977785911893
11.624977785911893
11.624977785911893
11.624977785911893
11.624977785911893
11.193352422945217
11.624977785911893
11.193352422945217
6.976151965554913
11.193352422945217
11.624977785911893
11.624977785911893
11.624977785911893
6.976151965554913
6.976151965554913
6.976151965554913
6.976151965554913
6.976151965554913
6.976151965554913
6.976151965554913
6.976151965554913
6.976151965554913
6.976151965554913
6.976151965554913
6.207949703541041
6.976151965554913
6.207949703541041
6.976151965554913
6.976151965554913
6.207949703541041
6.976151965554913
6.207949703541041
6.976151965554913
6.207949703541041
6.207949703541041
6.207949703541041
6.207949703541041
6.207949703541041
6.207949703541041
