0.0
0.32786885245901637
0.6557377049180327
0.9836065573770492
1.3114754098360655
1.6393442622950818
1.9672131147540983
2.2950819672131146
2.622950819672131
2.9508196721311473
3.2786885245901636
3.60655737704918
3.9344262295081966
4.2622950819672125
4.590163934426229
4.918032786885245
5.245901639344262
5.573770491803279
5.9016393442622945
6.229508196721311
6.557377049180327
6.885245901639344
7.21311475409836
7.5409836065573765
7.868852459016393
8.19672131147541
8.524590163934425
8.852459016393443
9.180327868852459
9.508196721311474
9.83606557377049
10.163934426229508
10.491803278688524
10.81967213114754
11.147540983606557
11.475409836065573
11.803278688524589
12.131147540983605
12.459016393442623
12.786885245901638
13.114754098360654
13.442622950819672
13.770491803278688
14.098360655737704
14.42622950819672
14.754098360655737
15.081967213114753
15.409836065573769
15.737704918032787
16.065573770491802
16.39344262295082
16.721311475409834
17.04918032786885
17.377049180327866
17.704918032786885
18.0327868852459
18.360655737704917
18.688524590163933
19.01639344262295
19.344262295081965
19.67213114754098
20.0
20.327868852459016
20.65573770491803
20.983606557377048
21.311475409836063
21.63934426229508
21.967213114754095
22.295081967213115
22.62295081967213
22.950819672131146
23.278688524590162
23.606557377049178
23.934426229508194
24.26229508196721
24.59016393442623
24.918032786885245
25.24590163934426
25.573770491803277
25.901639344262293
26.22950819672131
26.557377049180324
26.885245901639344
27.21311475409836
27.540983606557376
27.86885245901639
28.196721311475407
28.524590163934423
28.85245901639344
29.18032786885246
29.508196721311474
29.83606557377049
30.163934426229506
30.491803278688522
30.819672131147538
31.147540983606554
31.475409836065573
31.80327868852459
32.131147540983605
32.45901639344262
32.78688524590164
33.114754098360656
33.44262295081967
33.77049180327869
34.0983606557377
34.42622950819672
34.75409836065573
35.08196721311475
35.40983606557377
35.73770491803278
36.0655737704918
36.393442622950815
36.721311475409834
37.04918032786885
37.377049180327866
37.704918032786885
38.0327868852459
38.36065573770492
38.68852459016393
39.01639344262295
39.34426229508196
39.67213114754098
40.0
40.32786885245901
40.65573770491803
40.983606557377044
41.31147540983606
41.639344262295076
41.967213114754095
42.295081967213115
42.62295081967213
42.950819672131146
43.27868852459016
43.60655737704918
43.93442622950819
44.26229508196721
44.59016393442623
44.91803278688524
45.24590163934426
45.57377049180327
45.90163934426229
46.229508196721305
46.557377049180324
46.885245901639344
47.213114754098356
47.540983606557376
47.86885245901639
48.19672131147541
48.52459016393442
48.85245901639344
49.18032786885246
49.50819672131147
49.83606557377049
50.1639344262295
50.49180327868852
50.819672131147534
51.147540983606554
51.47540983606557
51.803278688524586
52.131147540983605
52.45901639344262
52.78688524590164
53.11475409836065
53.44262295081967
53.77049180327869
54.0983606557377
54.42622950819672
54.75409836065573
55.08196721311475
55.409836065573764
55.73770491803278
56.0655737704918
56.393442622950815
56.721311475409834
57.04918032786885
57.377049180327866
57.70491803278688
58.0327868852459
58.36065573770492
58.68852459016393
59.01639344262295
59.34426229508196
59.67213114754098
59.99999999999999
60.32786885245901
60.65573770491803
60.983606557377044
61.31147540983606
61.639344262295076
61.967213114754095
62.29508196721311
62.62295081967213
62.950819672131146
63.27868852459016
63.60655737704918
63.93442622950819
64.26229508196721
64.59016393442623
64.91803278688523
65.24590163934425
65.57377049180327
65.90163934426229
66.22950819672131
66.55737704918032
66.88524590163934
67.21311475409836
67.54098360655738
67.8688524590164
68.1967213114754
68.52459016393442
68.85245901639344
69.18032786885246
69.50819672131146
69.83606557377048
70.1639344262295
70.49180327868852
70.81967213114754
71.14754098360655
71.47540983606557
71.80327868852459
72.1311475409836
72.45901639344262
72.78688524590163
73.11475409836065
73.44262295081967
73.77049180327869
74.0983606557377
74.42622950819671
74.75409836065573
75.08196721311475
75.40983606557377
75.73770491803278
76.0655737704918
76.39344262295081
76.72131147540983
77.04918032786885
77.37704918032786
77.70491803278688
78.0327868852459
78.36065573770492
78.68852459016392
79.01639344262294
79.34426229508196
79.67213114754098
80.0
80.327868852459
80.65573770491802
80.98360655737704
81.31147540983606
81.63934426229508
81.96721311475409
82.29508196721311
82.62295081967213
82.95081967213115
83.27868852459015
83.60655737704917
83.93442622950819
84.26229508196721
84.59016393442623
84.91803278688523
85.24590163934425
85.57377049180327
85.90163934426229
86.2295081967213
86.55737704918032
86.88524590163934
87.21311475409836
87.54098360655738
87.86885245901638
88.1967213114754
88.52459016393442
88.85245901639344
89.18032786885246
89.50819672131146
89.83606557377048
90.1639344262295
90.49180327868852
90.81967213114753
91.14754098360655
91.47540983606557
91.80327868852459
92.1311475409836
92.45901639344261
92.78688524590163
93.11475409836065
93.44262295081967
93.77049180327869
94.0983606557377
94.42622950819671
94.75409836065573
95.08196721311475
95.40983606557376
95.73770491803278
96.0655737704918
96.39344262295081
96.72131147540983
97.04918032786884
97.37704918032786
97.70491803278688
98.0327868852459
98.36065573770492
98.68852459016392
99.01639344262294
99.34426229508196
99.67213114754098
99.99999999999999
100.327868852459
100.65573770491802
100.98360655737704
101.31147540983606
101.63934426229507
101.96721311475409
102.29508196721311
102.62295081967213
102.95081967213115
103.27868852459015
103.60655737704917
103.93442622950819
104.26229508196721
104.59016393442622
104.91803278688523
105.24590163934425
105.57377049180327
105.90163934426229
106.2295081967213
106.55737704918032
106.88524590163934
107.21311475409836
107.54098360655738
107.86885245901638
108.1967213114754
108.52459016393442
108.85245901639344
109.18032786885244
109.50819672131146
109.83606557377048
110.1639344262295
110.49180327868852
110.81967213114753
111.14754098360655
111.47540983606557
111.80327868852459
112.1311475409836
112.45901639344261
112.78688524590163
113.11475409836065
113.44262295081967
113.77049180327867
114.0983606557377
114.42622950819671
114.75409836065573
115.08196721311475
115.40983606557376
115.73770491803278
116.0655737704918
116.39344262295081
116.72131147540983
117.04918032786884
117.37704918032786
117.70491803278688
118.0327868852459
118.3606557377049
118.68852459016392
119.01639344262294
119.34426229508196
119.67213114754098
