19.9753269943749
19.9753269943749
19.9753269943749
19.60633141014754
19.9753269943749
19.9753269943749
19.60633141014754
19.60633141014754
19.9753269943749
19.9753269943749
19.9753269943749
20.34561180456968
19.9753269943749
20.34561180456968
20.34561180456968
19.9753269943749
20.34561180456968
20.717425135741816
20.717425135741816
20.717425135741816
21.091006160522326
20.717425135741816
20.717425135741816
20.717425135741816
20.717425135741816
21.091006160522326
21.091006160522326
21.091006160522326
20.717425135741816
21.091006160522326
20.717425135741816
20.717425135741816
21.091006160522326
21.091006160522326
21.091006160522326
21.091006160522326
21.091006160522326
21.091006160522326
20.717425135741816
21.091006160522326
21.091006160522326
20.717425135741816
21.091006160522326
21.091006160522326
21.091006160522326
21.091006160522326
21.091006160522326
20.717425135741816
21.091006160522326
21.091006160522326
21.091006160522326
21.091006160522326
20.717425135741816
20.717425135741816
20.717425135741816
21.091006160522326
21.091006160522326
21.091006160522326
21.091006160522326
20.717425135741816
21.091006160522326
20.717425135741816
21.091006160522326
21.091006160522326
21.091006160522326
21.091006160522326
21.091006160522326
21.091006160522326
20.717425135741816
20.717425135741816
20.717425135741816
20.717425135741816
20.34561180456968
20.717425135741816
20.717425135741816
20.717425135741816
20.34561180456968
20.34561180456968
19.9753269943749
19.9753269943749
19.60633141014754
19.60633141014754
19.23838429593613
19.23838429593613
19.23838429593613
18.87124202565669
18.87124202565669
18.87124202565669
18.504656597673883
18.504656597673883
18.13837400352535
17.772132435856385
17.772132435856385
17.772132435856385
17.40566029369784
17.40566029369784
17.03867393416238
17.03867393416238
17.03867393416238
17.03867393416238
17.03867393416238
16.301947999061095
16.670875107775814
16.301947999061095
15.931555773323895
15.931555773323895
15.931555773323895
15.559336502973743
15.559336502973743
15.559336502973743
15.559336502973743
15.184898309437825
14.807813505832822
14.807813505832822
14.427611455180097
14.427611455180097
14.427611455180097
14.427611455180097
14.427611455180097
14.043769760221819
14.043769760221819
14.043769760221819
13.655703260195738
13.655703260195738
13.655703260195738
13.262750105867047
13.262750105867047
13.262750105867047
13.262750105867047
12.86415388233617
12.86415388233617
12.86415388233617
12.86415388233617
12.86415388233617
12.459040293030128
12.459040293030128
12.046386211869704
12.046386211869704
12.459040293030128
12.459040293030128
12.046386211869704
12.046386211869704
12.046386211869704
11.624977785911893
12.046386211869704
12.046386211869704
12.046386211869704
11.624977785911893
11.193352422945217
12.046386211869704
11.624977785911893
11.624977785911893
11.193352422945217
11.193352422945217
11.624977785911893
11.193352422945217
11.193352422945217
11.193352422945217
11.193352422945217
11.193352422945217
11.193352422945217
11.193352422945217
11.193352422945217
11.193352422945217
11.193352422945217
11.193352422945217
11.193352422945217
11.193352422945217
11.193352422945217
10.749716350892948
10.749716350892948
10.749716350892948
11.193352422945217
10.749716350892948
10.749716350892948
10.749716350892948
10.749716350892948
10.749716350892948
10.749716350892948
10.749716350892948
10.291823844021428
10.291823844021428
10.291823844021428
10.749716350892948
10.291823844021428
10.749716350892948
10.291823844021428
10.291823844021428
10.291823844021428
9.8167937724168
10.291823844021428
10.291823844021428
9.8167937724168
10.291823844021428
10.291823844021428
10.291823844021428
10.291823844021428
10.291823844021428
9.8167937724168
9.320818454058205
9.8167937724168
9.8167937724168
9.8167937724168
9.8167937724168
10.291823844021428
9.8167937724168
10.291823844021428
9.8167937724168
9.8167937724168
9.8167937724168
9.8167937724168
9.8167937724168
9.8167937724168
9.8167937724168
9.320818454058205
9.8167937724168
9.8167937724168
9.8167937724168
9.8167937724168
9.8167937724168
9.8167937724168
9.8167937724168
9.8167937724168
9.320818454058205
9.320818454058205
9.320818454058205
9.8167937724168
9.8167937724168
9.8167937724168
9.320818454058205
9.320818454058205
9.8167937724168
9.320818454058205
9.8167937724168
9.320818454058205
9.320818454058205
9.8167937724168
9.320818454058205
9.320818454058205
9.8167937724168
9.320818454058205
9.320818454058205
9.8167937724168
9.320818454058205
9.320818454058205
9.320818454058205
9.8167937724168
9.320818454058205
9.8167937724168
9.320818454058205
9.320818454058205
9.320818454058205
8.798675748580154
9.320818454058205
9.320818454058205
9.320818454058205
9.320818454058205
9.320818454058205
8.798675748580154
9.320818454058205
9.320818454058205
9.320818454058205
9.320818454058205
9.320818454058205
8.798675748580154
8.798675748580154
8.798675748580154
8.798675748580154
8.798675748580154
8.798675748580154
8.798675748580154
9.320818454058205
8.798675748580154
9.320818454058205
8.798675748580154
9.320818454058205
8.798675748580154
8.798675748580154
8.798675748580154
8.798675748580154
8.798675748580154
8.798675748580154
8.798675748580154
8.798675748580154
8.798675748580154
8.798675748580154
8.798675748580154
8.242852585182032
8.242852585182032
8.798675748580154
8.242852585182032
8.798675748580154
8.242852585182032
8.798675748580154
8.242852585182032
8.798675748580154
8.242852585182032
8.242852585182032
8.242852585182032
8.242852585182032
8.242852585182032
8.242852585182032
7.641818246874767
8.242852585182032
8.242852585182032
7.641818246874767
7.641818246874767
7.641818246874767
7.641818246874767
7.641818246874767
7.641818246874767
7.641818246874767
8.242852585182032
7.641818246874767
6.976151965554913
7.641818246874767
7.641818246874767
7.641818246874767
7.641818246874767
7.641818246874767
7.641818246874767
7.641818246874767
7.641818246874767
7.641818246874767
7.641818246874767
7.641818246874767
7.641818246874767
7.641818246874767
7.641818246874767
7.641818246874767
7.641818246874767
7.641818246874767
7.641818246874767
7.641818246874767
6.976151965554913
7.641818246874767
6.976151965554913
7.641818246874767
6.976151965554913
7.641818246874767
6.976151965554913
6.976151965554913
6.976151965554913
6.976151965554913
6.976151965554913
6.976151965554913
6.976151965554913
6.976151965554913
6.976151965554913
6.976151965554913
6.976151965554913
6.976151965554913
6.207949703541041
6.207949703541041
6.976151965554913
6.207949703541041
6.976151965554913
6.207949703541041
6.207949703541041
6.976151965554913
6.976151965554913
6.976151965554913
6.207949703541041
6.207949703541041
6.207949703541041
6.976151965554913
6.207949703541041
