39.73759570190725
39.73759570190725
38.92162639509421
39.73759570190725
38.92162639509421
38.14621078054104
37.40670446786034
38.14621078054104
38.14621078054104
37.40670446786034
38.14621078054104
38.14621078054104
38.14621078054104
37.40670446786034
38.14621078054104
38.14621078054104
38.14621078054104
38.14621078054104
38.14621078054104
38.14621078054104
38.14621078054104
38.14621078054104
38.92162639509421
38.92162639509421
38.92162639509421
38.14621078054104
38.14621078054104
38.14621078054104
38.14621078054104
38.14621078054104
38.14621078054104
38.14621078054104
38.14621078054104
37.40670446786034
38.14621078054104
38.92162639509421
38.14621078054104
38.14621078054104
37.40670446786034
38.14621078054104
38.14621078054104
38.14621078054104
38.14621078054104
38.14621078054104
38.14621078054104
37.40670446786034
38.14621078054104
38.14621078054104
37.40670446786034
37.40670446786034
36.69919140167949
36.69919140167949
36.02034183091054
36.02034183091054
35.36730229456929
35.36730229456929
34.73760961673263
34.12912305327146
33.53997028148545
32.96850403987395
32.96850403987395
31.872963305871252
31.872963305871252
31.346434720631716
30.83264149427134
30.83264149427134
30.330645985851763
29.839599107189333
28.88733063217317
28.4247588767913
28.4247588767913
27.523766399673697
27.523766399673697
27.08429080003871
26.651521991733734
26.225020606996434
25.804375598406033
25.804375598406033
25.804375598406033
25.38920109330152
24.979133597196217
24.573829493281977
24.573829493281977
24.17296279311714
23.77622310008818
23.383313752498374
22.99395011738723
23.383313752498374
22.99395011738723
22.607858009590338
22.607858009590338
22.224772213238648
22.224772213238648
22.224772213238648
21.84443508497661
21.84443508497661
21.46659521967979
21.091006160522326
21.46659521967979
21.091006160522326
21.091006160522326
21.091006160522326
20.717425135741816
20.717425135741816
20.717425135741816
20.34561180456968
19.9753269943749
20.34561180456968
19.9753269943749
19.9753269943749
19.9753269943749
19.60633141014754
19.60633141014754
19.60633141014754
19.60633141014754
19.23838429593613
18.87124202565669
18.87124202565669
18.87124202565669
18.87124202565669
18.504656597673883
18.504656597673883
18.13837400352535
18.504656597673883
18.504656597673883
18.13837400352535
18.13837400352535
18.13837400352535
17.772132435856385
17.772132435856385
17.40566029369784
17.772132435856385
17.772132435856385
17.40566029369784
17.40566029369784
17.40566029369784
16.670875107775814
16.670875107775814
17.03867393416238
16.670875107775814
17.03867393416238
17.03867393416238
16.670875107775814
16.301947999061095
16.670875107775814
16.670875107775814
16.301947999061095
16.301947999061095
16.301947999061095
16.301947999061095
15.931555773323895
16.301947999061095
16.301947999061095
15.931555773323895
15.931555773323895
15.931555773323895
15.931555773323895
15.931555773323895
15.559336502973743
15.559336502973743
15.931555773323895
15.559336502973743
15.559336502973743
15.559336502973743
15.559336502973743
15.184898309437825
15.184898309437825
15.184898309437825
15.184898309437825
15.184898309437825
15.184898309437825
15.184898309437825
15.184898309437825
14.807813505832822
14.807813505832822
14.807813505832822
14.807813505832822
14.427611455180097
14.427611455180097
14.427611455180097
14.807813505832822
14.427611455180097
14.427611455180097
14.427611455180097
14.427611455180097
14.427611455180097
14.043769760221819
14.427611455180097
14.043769760221819
14.427611455180097
14.043769760221819
14.043769760221819
14.043769760221819
14.043769760221819
14.043769760221819
14.043769760221819
14.043769760221819
14.043769760221819
13.655703260195738
14.043769760221819
13.655703260195738
14.043769760221819
13.655703260195738
13.655703260195738
13.655703260195738
13.262750105867047
13.262750105867047
13.655703260195738
13.262750105867047
13.262750105867047
13.262750105867047
13.262750105867047
13.262750105867047
13.262750105867047
12.86415388233617
13.262750105867047
13.262750105867047
12.86415388233617
12.86415388233617
13.262750105867047
12.86415388233617
12.86415388233617
12.86415388233617
12.86415388233617
12.86415388233617
12.86415388233617
12.459040293030128
12.86415388233617
12.459040293030128
12.459040293030128
12.046386211869704
12.459040293030128
12.459040293030128
12.459040293030128
12.046386211869704
12.046386211869704
12.046386211869704
11.624977785911893
11.624977785911893
12.046386211869704
11.624977785911893
12.046386211869704
12.046386211869704
12.046386211869704
12.046386211869704
12.046386211869704
11.624977785911893
11.624977785911893
12.046386211869704
11.624977785911893
11.624977785911893
11.193352422945217
11.193352422945217
11.193352422945217
11.193352422945217
11.193352422945217
11.624977785911893
11.193352422945217
11.193352422945217
10.749716350892948
11.193352422945217
11.193352422945217
11.193352422945217
10.749716350892948
10.749716350892948
10.749716350892948
10.749716350892948
10.749716350892948
10.749716350892948
10.749716350892948
10.749716350892948
10.749716350892948
10.291823844021428
10.749716350892948
10.291823844021428
10.291823844021428
10.291823844021428
10.749716350892948
10.291823844021428
10.291823844021428
10.291823844021428
10.291823844021428
9.8167937724168
10.291823844021428
9.8167937724168
10.291823844021428
10.291823844021428
10.291823844021428
10.291823844021428
9.8167937724168
9.8167937724168
9.8167937724168
9.8167937724168
9.8167937724168
9.8167937724168
9.8167937724168
9.8167937724168
9.320818454058205
9.320818454058205
9.8167937724168
9.320818454058205
9.8167937724168
9.320818454058205
9.320818454058205
9.320818454058205
9.320818454058205
9.320818454058205
9.320818454058205
9.320818454058205
9.320818454058205
9.320818454058205
8.798675748580154
8.798675748580154
9.320818454058205
8.798675748580154
8.798675748580154
8.798675748580154
8.798675748580154
8.798675748580154
8.242852585182032
8.798675748580154
8.798675748580154
8.242852585182032
8.798675748580154
8.798675748580154
8.798675748580154
8.798675748580154
8.798675748580154
8.798675748580154
8.242852585182032
8.242852585182032
8.798675748580154
8.798675748580154
8.242852585182032
8.242852585182032
8.242852585182032
8.242852585182032
7.641818246874767
8.242852585182032
7.641818246874767
8.242852585182032
8.242852585182032
8.242852585182032
7.641818246874767
7.641818246874767
7.641818246874767
7.641818246874767
7.641818246874767
8.242852585182032
7.641818246874767
7.641818246874767
7.641818246874767
7.641818246874767
8.242852585182032
7.641818246874767
7.641818246874767
7.641818246874767
7.641818246874767
7.641818246874767
7.641818246874767
7.641818246874767
7.641818246874767
7.641818246874767
7.641818246874767
7.641818246874767
7.641818246874767
