0.0
0.1092896174863388
0.2185792349726776
0.32786885245901637
0.4371584699453552
0.5464480874316939
0.6557377049180327
0.7650273224043715
0.8743169398907104
0.9836065573770492
1.0928961748633879
1.2021857923497268
1.3114754098360655
1.4207650273224044
1.530054644808743
1.639344262295082
1.7486338797814207
1.8579234972677594
1.9672131147540983
2.0765027322404372
2.1857923497267757
2.2950819672131146
2.4043715846994536
2.5136612021857925
2.622950819672131
2.73224043715847
2.841530054644809
2.9508196721311473
3.060109289617486
3.169398907103825
3.278688524590164
3.3879781420765025
3.4972677595628414
3.6065573770491803
3.715846994535519
3.8251366120218577
3.9344262295081966
4.043715846994536
4.1530054644808745
4.262295081967213
4.371584699453551
4.48087431693989
4.590163934426229
4.699453551912568
4.808743169398907
4.918032786885246
5.027322404371585
5.136612021857923
5.245901639344262
5.355191256830601
5.46448087431694
5.573770491803279
5.683060109289618
5.7923497267759565
5.9016393442622945
6.0109289617486334
6.120218579234972
6.229508196721311
6.33879781420765
6.448087431693989
6.557377049180328
6.666666666666666
6.775956284153005
6.885245901639344
6.994535519125683
7.103825136612022
7.213114754098361
7.3224043715847
7.431693989071038
7.5409836065573765
7.6502732240437155
7.759562841530054
7.868852459016393
7.978142076502732
8.087431693989071
8.19672131147541
8.306010928961749
8.415300546448087
8.524590163934427
8.633879781420765
8.743169398907103
8.852459016393443
8.96174863387978
9.07103825136612
9.180327868852459
9.289617486338798
9.398907103825136
9.508196721311474
9.617486338797814
9.726775956284152
9.836065573770492
9.94535519125683
10.05464480874317
10.163934426229508
10.273224043715846
10.382513661202186
10.491803278688524
10.601092896174864
10.710382513661202
10.819672131147541
10.92896174863388
11.038251366120218
11.147540983606557
11.256830601092895
11.366120218579235
11.475409836065573
11.584699453551913
11.693989071038251
11.803278688524589
11.912568306010929
12.021857923497267
12.131147540983607
12.240437158469945
12.349726775956285
12.459016393442623
12.56830601092896
12.6775956284153
12.786885245901638
12.896174863387978
13.005464480874316
13.114754098360656
13.224043715846994
13.333333333333332
13.442622950819672
13.55191256830601
13.66120218579235
13.770491803278688
13.879781420765028
13.989071038251366
14.098360655737704
14.207650273224044
14.316939890710382
14.426229508196721
14.53551912568306
14.6448087431694
14.754098360655737
14.863387978142075
14.972677595628415
15.081967213114753
15.191256830601093
15.300546448087431
15.40983606557377
15.519125683060109
15.628415300546447
15.737704918032787
15.846994535519125
15.956284153005464
16.065573770491802
16.174863387978142
16.284153005464482
16.39344262295082
16.502732240437158
16.612021857923498
16.721311475409834
16.830601092896174
16.939890710382514
17.049180327868854
17.15846994535519
17.26775956284153
17.37704918032787
17.486338797814206
17.595628415300546
17.704918032786885
17.814207650273225
17.92349726775956
18.0327868852459
18.14207650273224
18.251366120218577
18.360655737704917
18.469945355191257
18.579234972677597
18.688524590163933
18.797814207650273
18.907103825136613
19.01639344262295
19.12568306010929
19.23497267759563
19.34426229508197
19.453551912568305
19.562841530054644
19.672131147540984
19.78142076502732
19.89071038251366
20.0
20.10928961748634
20.218579234972676
20.327868852459016
20.437158469945356
20.546448087431692
20.65573770491803
20.76502732240437
20.87431693989071
20.983606557377048
21.092896174863387
21.202185792349727
21.311475409836063
21.420765027322403
21.530054644808743
21.639344262295083
21.74863387978142
21.85792349726776
21.9672131147541
22.076502732240435
22.185792349726775
22.295081967213115
22.404371584699454
22.51366120218579
22.62295081967213
22.73224043715847
22.841530054644807
22.950819672131146
23.060109289617486
23.169398907103826
23.278688524590162
23.387978142076502
23.497267759562842
23.606557377049178
23.715846994535518
23.825136612021858
23.934426229508198
24.043715846994534
24.153005464480874
24.262295081967213
24.37158469945355
24.48087431693989
24.59016393442623
24.69945355191257
24.808743169398905
24.918032786885245
25.027322404371585
25.13661202185792
25.24590163934426
25.3551912568306
25.46448087431694
25.573770491803277
25.683060109289617
25.792349726775956
25.901639344262293
26.010928961748633
26.120218579234972
26.229508196721312
26.33879781420765
26.44808743169399
26.557377049180328
26.666666666666664
26.775956284153004
26.885245901639344
26.994535519125684
27.10382513661202
27.21311475409836
27.3224043715847
27.431693989071036
27.540983606557376
27.650273224043715
27.759562841530055
27.86885245901639
27.97814207650273
28.08743169398907
28.196721311475407
28.306010928961747
28.415300546448087
28.524590163934427
28.633879781420763
28.743169398907103
28.852459016393443
28.96174863387978
29.07103825136612
29.18032786885246
29.2896174863388
29.398907103825135
29.508196721311474
29.617486338797814
29.72677595628415
29.83606557377049
29.94535519125683
30.05464480874317
30.163934426229506
30.273224043715846
30.382513661202186
30.491803278688522
30.601092896174862
30.7103825136612
30.81967213114754
30.928961748633878
31.038251366120218
31.147540983606557
31.256830601092894
31.366120218579233
31.475409836065573
31.584699453551913
31.69398907103825
31.80327868852459
31.91256830601093
32.021857923497265
32.131147540983605
32.240437158469945
32.349726775956285
32.459016393442624
32.568306010928964
32.6775956284153
32.78688524590164
32.89617486338798
33.005464480874316
33.114754098360656
33.224043715846996
33.333333333333336
33.44262295081967
33.55191256830601
33.66120218579235
33.77049180327869
33.87978142076503
33.98907103825137
34.09836065573771
34.20765027322404
34.31693989071038
34.42622950819672
34.53551912568306
34.6448087431694
34.75409836065574
34.86338797814208
34.97267759562841
35.08196721311475
35.19125683060109
35.30054644808743
35.40983606557377
35.51912568306011
35.62841530054645
35.73770491803278
35.84699453551912
35.95628415300546
36.0655737704918
36.17486338797814
36.28415300546448
36.39344262295082
36.502732240437155
36.612021857923494
36.721311475409834
36.830601092896174
36.939890710382514
37.049180327868854
37.15846994535519
37.267759562841526
37.377049180327866
37.486338797814206
37.595628415300546
37.704918032786885
37.814207650273225
37.923497267759565
38.0327868852459
38.14207650273224
38.25136612021858
38.36065573770492
38.46994535519126
38.5792349726776
38.68852459016394
38.79781420765027
38.90710382513661
39.01639344262295
39.12568306010929
39.23497267759563
39.34426229508197
39.45355191256831
39.56284153005464
39.67213114754098
39.78142076502732
39.89071038251366
