0.0
0.2185792349726776
0.4371584699453552
0.6557377049180327
0.8743169398907104
1.0928961748633879
1.3114754098360655
1.530054644808743
1.7486338797814207
1.9672131147540983
2.1857923497267757
2.4043715846994536
2.622950819672131
2.841530054644809
3.060109289617486
3.278688524590164
3.4972677595628414
3.715846994535519
3.9344262295081966
4.1530054644808745
4.371584699453551
4.590163934426229
4.808743169398907
5.027322404371585
5.245901639344262
5.46448087431694
5.683060109289618
5.9016393442622945
6.120218579234972
6.33879781420765
6.557377049180328
6.775956284153005
6.994535519125683
7.213114754098361
7.431693989071038
7.6502732240437155
7.868852459016393
8.087431693989071
8.306010928961749
8.524590163934427
8.743169398907103
8.96174863387978
9.180327868852459
9.398907103825136
9.617486338797814
9.836065573770492
10.05464480874317
10.273224043715846
10.491803278688524
10.710382513661202
10.92896174863388
11.147540983606557
11.366120218579235
11.584699453551913
11.803278688524589
12.021857923497267
12.240437158469945
12.459016393442623
12.6775956284153
12.896174863387978
13.114754098360656
13.333333333333332
13.55191256830601
13.770491803278688
13.989071038251366
14.207650273224044
14.426229508196721
14.6448087431694
14.863387978142075
15.081967213114753
15.300546448087431
15.519125683060109
15.737704918032787
15.956284153005464
16.174863387978142
16.39344262295082
16.612021857923498
16.830601092896174
17.049180327868854
17.26775956284153
17.486338797814206
17.704918032786885
17.92349726775956
18.14207650273224
18.360655737704917
18.579234972677597
18.797814207650273
19.01639344262295
19.23497267759563
19.453551912568305
19.672131147540984
19.89071038251366
20.10928961748634
20.327868852459016
20.546448087431692
20.76502732240437
20.983606557377048
21.202185792349727
21.420765027322403
21.639344262295083
21.85792349726776
22.076502732240435
22.295081967213115
22.51366120218579
22.73224043715847
22.950819672131146
23.169398907103826
23.387978142076502
23.606557377049178
23.825136612021858
24.043715846994534
24.262295081967213
24.48087431693989
24.69945355191257
24.918032786885245
25.13661202185792
25.3551912568306
25.573770491803277
25.792349726775956
26.010928961748633
26.229508196721312
26.44808743169399
26.666666666666664
26.885245901639344
27.10382513661202
27.3224043715847
27.540983606557376
27.759562841530055
27.97814207650273
28.196721311475407
28.415300546448087
28.633879781420763
28.852459016393443
29.07103825136612
29.2896174863388
29.508196721311474
29.72677595628415
29.94535519125683
30.163934426229506
30.382513661202186
30.601092896174862
30.81967213114754
31.038251366120218
31.256830601092894
31.475409836065573
31.69398907103825
31.91256830601093
32.131147540983605
32.349726775956285
32.568306010928964
32.78688524590164
33.005464480874316
33.224043715846996
33.44262295081967
33.66120218579235
33.87978142076503
34.09836065573771
34.31693989071038
34.53551912568306
34.75409836065574
34.97267759562841
35.19125683060109
35.40983606557377
35.62841530054645
35.84699453551912
36.0655737704918
36.28415300546448
36.502732240437155
36.721311475409834
36.939890710382514
37.15846994535519
37.377049180327866
37.595628415300546
37.814207650273225
38.0327868852459
38.25136612021858
38.46994535519126
38.68852459016394
38.90710382513661
39.12568306010929
39.34426229508197
39.56284153005464
39.78142076502732
40.0
40.21857923497268
40.43715846994535
40.65573770491803
40.87431693989071
41.092896174863384
41.31147540983606
41.53005464480874
41.74863387978142
41.967213114754095
42.185792349726775
42.404371584699454
42.62295081967213
42.84153005464481
43.060109289617486
43.278688524590166
43.49726775956284
43.71584699453552
43.9344262295082
44.15300546448087
44.37158469945355
44.59016393442623
44.80874316939891
45.02732240437158
45.24590163934426
45.46448087431694
45.68306010928961
45.90163934426229
46.12021857923497
46.33879781420765
46.557377049180324
46.775956284153004
46.994535519125684
47.213114754098356
47.431693989071036
47.650273224043715
47.868852459016395
48.08743169398907
48.30601092896175
48.52459016393443
48.7431693989071
48.96174863387978
49.18032786885246
49.39890710382514
49.61748633879781
49.83606557377049
50.05464480874317
50.27322404371584
50.49180327868852
50.7103825136612
50.92896174863388
51.147540983606554
51.36612021857923
51.58469945355191
51.803278688524586
52.021857923497265
52.240437158469945
52.459016393442624
52.6775956284153
52.89617486338798
53.114754098360656
53.33333333333333
53.55191256830601
53.77049180327869
53.98907103825137
54.20765027322404
54.42622950819672
54.6448087431694
54.86338797814207
55.08196721311475
55.30054644808743
55.51912568306011
55.73770491803278
55.95628415300546
56.17486338797814
56.393442622950815
56.612021857923494
56.830601092896174
57.049180327868854
57.267759562841526
57.486338797814206
57.704918032786885
57.92349726775956
58.14207650273224
58.36065573770492
58.5792349726776
58.79781420765027
59.01639344262295
59.23497267759563
59.4535519125683
59.67213114754098
59.89071038251366
60.10928961748634
60.32786885245901
60.54644808743169
60.76502732240437
60.983606557377044
61.202185792349724
61.4207650273224
61.63934426229508
61.857923497267755
62.076502732240435
62.295081967213115
62.51366120218579
62.73224043715847
62.950819672131146
63.169398907103826
63.3879781420765
63.60655737704918
63.82513661202186
64.04371584699453
64.26229508196721
64.48087431693989
64.69945355191257
64.91803278688525
65.13661202185793
65.3551912568306
65.57377049180327
65.79234972677595
66.01092896174863
66.22950819672131
66.44808743169399
66.66666666666667
66.88524590163934
67.10382513661202
67.3224043715847
67.54098360655738
67.75956284153006
67.97814207650273
68.19672131147541
68.41530054644808
68.63387978142076
68.85245901639344
69.07103825136612
69.2896174863388
69.50819672131148
69.72677595628416
69.94535519125682
70.1639344262295
70.38251366120218
70.60109289617486
70.81967213114754
71.03825136612022
71.2568306010929
71.47540983606557
71.69398907103825
71.91256830601093
72.1311475409836
72.34972677595628
72.56830601092896
72.78688524590164
73.00546448087431
73.22404371584699
73.44262295081967
73.66120218579235
73.87978142076503
74.09836065573771
74.31693989071039
74.53551912568305
74.75409836065573
74.97267759562841
75.19125683060109
75.40983606557377
75.62841530054645
75.84699453551913
76.0655737704918
76.28415300546447
76.50273224043715
76.72131147540983
76.93989071038251
77.1584699453552
77.37704918032787
77.59562841530054
77.81420765027322
78.0327868852459
78.25136612021858
78.46994535519126
78.68852459016394
78.90710382513662
79.12568306010928
79.34426229508196
79.56284153005464
79.78142076502732
