2.591015625
2.591015625
2.591015625
2.6039062499999996
2.591015625
2.591015625
2.6039062499999996
2.6039062499999996
2.591015625
2.591015625
2.591015625
2.578125
2.591015625
2.578125
2.578125
2.591015625
2.578125
2.5652343749999997
2.5652343749999997
2.5652343749999997
2.55234375
2.5652343749999997
2.5652343749999997
2.5652343749999997
2.5652343749999997
2.55234375
2.55234375
2.55234375
2.5652343749999997
2.55234375
2.5652343749999997
2.5652343749999997
2.55234375
2.55234375
2.55234375
2.55234375
2.55234375
2.55234375
2.5652343749999997
2.55234375
2.55234375
2.5652343749999997
2.55234375
2.55234375
2.55234375
2.55234375
2.55234375
2.5652343749999997
2.55234375
2.55234375
2.55234375
2.55234375
2.5652343749999997
2.5652343749999997
2.5652343749999997
2.55234375
2.55234375
2.55234375
2.55234375
2.5652343749999997
2.55234375
2.5652343749999997
2.55234375
2.55234375
2.55234375
2.55234375
2.55234375
2.55234375
2.5652343749999997
2.5652343749999997
2.5652343749999997
2.5652343749999997
2.578125
2.5652343749999997
2.5652343749999997
2.5652343749999997
2.578125
2.578125
2.591015625
2.591015625
2.6039062499999996
2.6039062499999996
2.616796875
2.616796875
2.616796875
2.6296874999999997
2.6296874999999997
2.6296874999999997
2.642578125
2.642578125
2.65546875
2.6683593749999996
2.6683593749999996
2.6683593749999996
2.68125
2.68125
2.6941406249999997
2.6941406249999997
2.6941406249999997
2.6941406249999997
2.6941406249999997
2.719921875
2.70703125
2.719921875
2.7328124999999996
2.7328124999999996
2.7328124999999996
2.745703125
2.745703125
2.745703125
2.745703125
2.7585937499999997
2.771484375
2.771484375
2.784375
2.784375
2.784375
2.784375
2.784375
2.7972656249999996
2.7972656249999996
2.7972656249999996
2.81015625
2.81015625
2.81015625
2.8230468749999997
2.8230468749999997
2.8230468749999997
2.8230468749999997
2.8359375
2.8359375
2.8359375
2.8359375
2.8359375
2.848828125
2.848828125
2.8617187499999996
2.8617187499999996
2.848828125
2.848828125
2.8617187499999996
2.8617187499999996
2.8617187499999996
2.874609375
2.8617187499999996
2.8617187499999996
2.8617187499999996
2.874609375
2.8874999999999997
2.8617187499999996
2.874609375
2.874609375
2.8874999999999997
2.8874999999999997
2.874609375
2.8874999999999997
2.8874999999999997
2.8874999999999997
2.8874999999999997
2.8874999999999997
2.8874999999999997
2.8874999999999997
2.8874999999999997
2.8874999999999997
2.8874999999999997
2.8874999999999997
2.8874999999999997
2.8874999999999997
2.8874999999999997
2.900390625
2.900390625
2.900390625
2.8874999999999997
2.900390625
2.900390625
2.900390625
2.900390625
2.900390625
2.900390625
2.900390625
2.91328125
2.91328125
2.91328125
2.900390625
2.91328125
2.900390625
2.91328125
2.91328125
2.91328125
2.9261718749999996
2.91328125
2.91328125
2.9261718749999996
2.91328125
2.91328125
2.91328125
2.91328125
2.91328125
2.9261718749999996
2.9390625
2.9261718749999996
2.9261718749999996
2.9261718749999996
2.9261718749999996
2.91328125
2.9261718749999996
2.91328125
2.9261718749999996
2.9261718749999996
2.9261718749999996
2.9261718749999996
2.9261718749999996
2.9261718749999996
2.9261718749999996
2.9390625
2.9261718749999996
2.9261718749999996
2.9261718749999996
2.9261718749999996
2.9261718749999996
2.9261718749999996
2.9261718749999996
2.9261718749999996
2.9390625
2.9390625
2.9390625
2.9261718749999996
2.9261718749999996
2.9261718749999996
2.9390625
2.9390625
2.9261718749999996
2.9390625
2.9261718749999996
2.9390625
2.9390625
2.9261718749999996
2.9390625
2.9390625
2.9261718749999996
2.9390625
2.9390625
2.9261718749999996
2.9390625
2.9390625
2.9390625
2.9261718749999996
2.9390625
2.9261718749999996
2.9390625
2.9390625
2.9390625
2.9519531249999997
2.9390625
2.9390625
2.9390625
2.9390625
2.9390625
2.9519531249999997
2.9390625
2.9390625
2.9390625
2.9390625
2.9390625
2.9519531249999997
2.9519531249999997
2.9519531249999997
2.9519531249999997
2.9519531249999997
2.9519531249999997
2.9519531249999997
2.9390625
2.9519531249999997
2.9390625
2.9519531249999997
2.9390625
2.9519531249999997
2.9519531249999997
2.9519531249999997
2.9519531249999997
2.9519531249999997
2.9519531249999997
2.9519531249999997
2.9519531249999997
2.9519531249999997
2.9519531249999997
2.9519531249999997
2.96484375
2.96484375
2.9519531249999997
2.96484375
2.9519531249999997
2.96484375
2.9519531249999997
2.96484375
2.9519531249999997
2.96484375
2.96484375
2.96484375
2.96484375
2.96484375
2.96484375
2.977734375
2.96484375
2.96484375
2.977734375
2.977734375
2.977734375
2.977734375
2.977734375
2.977734375
2.977734375
2.96484375
2.977734375
2.9906249999999996
2.977734375
2.977734375
2.977734375
2.977734375
2.977734375
2.977734375
2.977734375
2.977734375
2.977734375
2.977734375
2.977734375
2.977734375
2.977734375
2.977734375
2.977734375
2.977734375
2.977734375
2.977734375
2.977734375
2.9906249999999996
2.977734375
2.9906249999999996
2.977734375
2.9906249999999996
2.977734375
2.9906249999999996
2.9906249999999996
2.9906249999999996
2.9906249999999996
2.9906249999999996
2.9906249999999996
2.9906249999999996
2.9906249999999996
2.9906249999999996
2.9906249999999996
2.9906249999999996
2.9906249999999996
3.003515625
3.003515625
2.9906249999999996
3.003515625
2.9906249999999996
3.003515625
3.003515625
2.9906249999999996
2.9906249999999996
2.9906249999999996
3.003515625
3.003515625
3.003515625
2.9906249999999996
3.003515625
